     0     1 3.1510377E-01
     1     1 9.4097382E-12
     1     2 1.2941218E-11
     1     3 4.7241528E-08
     2     3 1.6788913E-20
     2     4 2.3168786E-04
     2     6 3.4047379E-14
     3     6 3.0680788E-23
     3     7 2.1798116E-11
     3     8 2.1666251E-12
     3     9 1.7213696E-08
     4     8 1.8401769E-11
     4     9 7.9879661E-16
     4    10 2.7130507E-13
     4    11 5.5465094E-18
     4    12 1.4345557E-16
     5    10 3.9854739E-22
     5    11 9.3587868E-13
     5    12 1.0414859E-12
     5    13 4.7778458E-07
     5    14 8.5959538E-11
     6    10 1.6924367E-23
     6    12 7.6082828E-18
     6    13 1.5672694E-13
     6    14 1.5609456E-08
     6    15 1.8810157E-11
     6    16 2.3856899E-07
     6    17 5.1244726E-11
     7    14 2.9319841E-18
     7    15 3.0632850E-13
     7    16 6.9457824E-13
     7    17 3.7678629E-12
     7    18 3.7390968E-12
     7    19 1.7765690E-06
     7    20 9.6787961E-08
     8    16 5.2689066E-17
     8    17 1.8429806E-16
     8    18 6.6957399E-14
     8    19 5.2932201E-14
     8    20 3.0896713E-13
     8    21 2.2206604E-11
     8    22 1.4921036E-09
     9    19 5.5262160E-18
     9    20 2.0656885E-17
     9    21 1.3830759E-14
     9    22 1.0969338E-14
     9    23 1.3459220E-15
     9    24 3.2048876E-15
     9    25 3.1520452E-11
     9    26 1.8075126E-14
    10    20 1.9782999E-21
    10    21 8.6576515E-20
    10    22 6.1273258E-18
    10    23 1.5031528E-16
    10    24 1.3540469E-15
    10    25 5.9616090E-13
    10    26 4.1088550E-11
    10    27 2.0969029E-12
    10    28 1.1011641E-09
    10    29 4.6689048E-12
    10    30 2.6700308E-09
    10    31 3.1270643E-11
    10    32 1.0691628E-08
    10    33 4.4353033E-18
    10    34 1.3046291E-21
    11    23 1.2400531E-23
    11    24 1.2393748E-20
    11    25 8.8456194E-20
    11    26 2.0176677E-19
    11    27 5.4762069E-17
    11    28 3.8282821E-16
    11    29 6.2109607E-12
    11    30 7.4013595E-13
    11    31 4.7506191E-09
    11    32 8.8351207E-10
    11    33 1.5539205E-13
    11    34 8.4717782E-17
    11    35 1.8747932E-18
    12    26 7.8486051E-23
    12    27 3.8717090E-22
    12    28 8.4850763E-19
    12    29 5.4035444E-17
    12    30 2.4650201E-15
    12    31 3.4264740E-15
    12    32 2.3162708E-12
    12    33 1.3922027E-12
    12    34 1.1331933E-07
    12    35 3.6094723E-15
    12    36 8.5000218E-13
    12    37 5.1851667E-19
    12    38 5.0031007E-19
    12    40 5.7907534E-23
    13    30 8.7016673E-24
    13    31 2.5181470E-21
    13    32 2.6970054E-18
    13    33 6.8375692E-15
    13    34 4.9693848E-15
    13    35 1.3685844E-11
    13    36 1.4648960E-12
    13    37 4.1166870E-08
    13    38 1.0400451E-11
    13    39 8.9266697E-10
    13    40 1.4772388E-15
    13    41 1.3736509E-09
    13    42 2.7588527E-22
    14    32 1.2859709E-23
    14    33 1.2798277E-21
    14    34 2.8906390E-17
    14    35 1.8194795E-16
    14    36 9.0130472E-14
    14    37 1.1285704E-13
    14    38 1.0092439E-11
    14    39 1.6350048E-13
    14    40 2.8814581E-13
    14    41 1.4180950E-12
    14    42 2.6795746E-07
    14    43 2.9226921E-17
    14    44 2.2230636E-20
    15    35 1.0505033E-21
    15    36 1.2398103E-20
    15    37 2.3579482E-19
    15    38 3.0441289E-19
    15    39 2.2494787E-18
    15    40 5.4533534E-15
    15    41 3.3084906E-13
    15    42 7.4979531E-14
    15    43 2.3781637E-07
    15    44 2.4604105E-14
    15    45 1.9621219E-14
    15    46 1.0978941E-19
    15    47 7.0133076E-17
    16    39 2.0635387E-22
    16    40 1.1600908E-20
    16    41 1.4351450E-16
    16    42 1.6656962E-14
    16    43 1.7320510E-13
    16    44 2.0899608E-07
    16    45 9.0357278E-10
    16    46 2.1679127E-07
    16    47 1.1539629E-11
    16    48 1.8542277E-10
    16    49 1.6451671E-16
    16    50 9.3417753E-17
    17    42 2.2918077E-23
    17    43 1.2414126E-16
    17    44 5.0082505E-16
    17    45 1.4225493E-11
    17    46 4.5918577E-12
    17    47 7.9032094E-08
    17    48 1.2204290E-10
    17    49 3.9111034E-08
    17    50 2.3960213E-12
    17    51 6.0992861E-12
    17    52 1.4651503E-18
    17    53 7.1137231E-22
    18    44 1.2579673E-21
    18    45 3.1602542E-19
    18    46 1.4589641E-16
    18    47 2.2679324E-15
    18    48 1.8904555E-11
    18    49 9.9746290E-13
    18    50 4.2684308E-08
    18    51 6.3600379E-11
    18    52 2.9526669E-08
    18    53 3.0733565E-13
    18    54 2.2652817E-13
    18    55 5.6514791E-17
    18    56 5.6668959E-16
    19    47 4.9931388E-22
    19    48 2.0192662E-21
    19    49 4.5767475E-16
    19    50 3.2534417E-15
    19    51 2.0904528E-10
    19    52 1.8940895E-11
    19    53 3.2914930E-08
    19    54 1.9191490E-11
    19    55 1.2841668E-10
    19    56 1.3431902E-12
    19    57 5.7966213E-12
    19    58 5.5978995E-17
    19    59 1.2355269E-16
    19    60 3.3812380E-22
    19    61 7.3118522E-23
    20    49 9.6035234E-21
    20    50 2.1475552E-19
    20    51 4.8081524E-18
    20    52 9.7108096E-15
    20    53 4.9651740E-15
    20    54 8.5534921E-13
    20    55 1.1195237E-13
    20    56 3.3766999E-09
    20    57 2.4819217E-13
    20    58 1.6111289E-08
    20    59 2.5311604E-13
    20    60 6.3789370E-12
    20    61 2.3187699E-15
    20    62 8.9666464E-16
    20    63 2.1202503E-23
    21    53 3.5602226E-19
    21    54 7.3801751E-17
    21    55 5.7671567E-17
    21    56 6.7722334E-17
    21    57 8.1507688E-15
    21    58 1.1843803E-15
    21    59 2.1541654E-11
    21    60 9.5090690E-13
    21    61 1.2699185E-08
    21    62 8.7618910E-14
    21    63 7.4943689E-13
    21    64 7.2165593E-17
    21    65 6.2280399E-17
    21    66 4.0289221E-22
    21    67 3.1404362E-23
    22    56 8.0347298E-21
    22    57 7.6284852E-21
    22    58 6.0894731E-17
    22    59 2.1565828E-16
    22    60 2.7328800E-14
    22    61 3.3629665E-15
    22    62 3.2698798E-10
    22    63 6.9062944E-14
    22    64 3.7157582E-09
    22    65 8.8719190E-14
    22    66 5.8729790E-11
    22    67 1.5567055E-15
    22    68 6.8457945E-15
    22    69 4.2888612E-20
    22    70 2.7835859E-20
    23    59 3.9673571E-23
    23    60 1.3784549E-22
    23    61 3.8446891E-18
    23    62 1.0063195E-17
    23    63 6.6224263E-14
    23    64 8.1651104E-16
    23    65 6.8410260E-11
    23    66 1.5740067E-11
    23    67 2.8165961E-09
    23    68 2.6519143E-11
    23    69 1.7357061E-09
    23    70 4.8154379E-13
    23    71 1.1169897E-12
    23    72 2.2584303E-16
    23    73 3.5900686E-17
    24    62 5.4608000E-22
    24    63 8.1689416E-21
    24    64 3.0485184E-16
    24    65 1.7265808E-17
    24    66 3.1739696E-15
    24    67 9.4514337E-16
    24    68 1.1442733E-11
    24    69 1.2578985E-12
    24    70 7.6011605E-09
    24    71 1.1920002E-11
    24    72 8.2035251E-10
    24    73 1.0517728E-12
    24    74 8.6265377E-12
    24    75 1.9828223E-19
    24    76 4.3300270E-22
    25    66 2.3702923E-23
    25    67 2.1591476E-19
    25    68 1.9521720E-18
    25    69 3.4072356E-16
    25    70 1.0842253E-16
    25    71 9.6195512E-13
    25    72 2.0582142E-13
    25    73 3.9337241E-10
    25    74 1.7432664E-11
    25    75 2.4631468E-09
    25    76 2.3789019E-15
    25    77 4.5961877E-18
    26    69 3.3685256E-23
    26    70 1.9605646E-20
    26    71 1.6055106E-19
    26    72 1.8077845E-16
    26    73 2.4430975E-16
    26    74 1.1757534E-12
    26    75 8.0694630E-13
    26    76 6.0396975E-09
    26    77 8.1439627E-15
    26    78 7.9928070E-16
    26    79 5.6521193E-22
    27    73 4.0528426E-20
    27    74 1.9629440E-18
    27    75 3.5926442E-15
    27    76 6.9174730E-14
    27    77 3.6543764E-09
    27    78 5.9321953E-13
    27    79 2.2031540E-13
    27    80 1.2549889E-18
    27    81 2.6124881E-20
    28    74 2.1801578E-23
    28    75 1.4723475E-20
    28    76 3.6152432E-16
    28    77 7.7923765E-14
    28    78 3.9352688E-06
    28    79 8.0393746E-11
    28    80 3.4194641E-08
    28    81 1.6817190E-13
    28    82 7.1884172E-13
    28    83 2.6503380E-20
    28    84 4.0100464E-21
    29    77 7.1308111E-16
    29    78 3.7306509E-12
    29    79 4.9452898E-05
    29    80 1.7053242E-06
    29    81 2.0957230E-04
    29    82 3.3830063E-07
    29    83 3.6169090E-06
    29    84 6.5232074E-10
    29    85 4.2589905E-10
    29    86 5.1330082E-15
    29    87 1.8393389E-17
    29    88 1.1965960E-22
    29    89 3.6178028E-23
    30    77 3.2004810E-23
    30    78 1.7072405E-14
    30    79 4.0582824E-13
    30    80 7.8696349E-07
    30    81 6.3063027E-07
    30    82 1.2395219E-03
    30    83 4.0964759E-05
    30    84 2.1318930E-02
    30    85 4.8163763E-05
    30    86 2.8577156E-03
    30    87 4.6708542E-08
    30    88 2.3236421E-08
    30    89 3.8570500E-13
    30    90 1.1474636E-12
    30    91 4.2794463E-18
    30    92 1.4394637E-19
    31    79 1.2692870E-18
    31    80 2.1597642E-17
    31    81 4.9270083E-12
    31    82 1.7594962E-11
    31    83 4.2009980E-07
    31    84 2.6977588E-07
    31    85 3.0976545E-03
    31    86 1.2310277E-04
    31    87 4.1417912E-02
    31    88 1.1233609E-04
    31    89 1.4900268E-03
    31    90 5.5790823E-07
    31    91 1.0479118E-05
    31    92 2.9560411E-09
    31    93 1.6013200E-09
    31    94 5.6604794E-14
    31    95 8.4778020E-16
    31    96 5.8315077E-22
    32    80 2.9483297E-23
    32    81 1.6245547E-20
    32    82 3.5659878E-16
    32    83 8.6794712E-14
    32    84 4.1281396E-11
    32    85 1.5793713E-11
    32    86 1.5284468E-07
    32    87 1.1346822E-07
    32    88 6.0910841E-04
    32    89 2.5777015E-05
    32    90 1.4469103E-02
    32    91 5.7407262E-05
    32    92 8.8363019E-03
    32    93 3.2094141E-05
    32    94 4.8279211E-04
    32    95 3.9822799E-08
    32    96 2.2879170E-08
    32    97 2.0356365E-13
    32    98 3.3553378E-14
    32    99 3.8771132E-19
    32   100 2.7066078E-20
    33    83 5.7345279E-22
    33    84 1.1833451E-21
    33    85 6.1800128E-17
    33    86 8.3390340E-17
    33    87 1.0437522E-12
    33    88 9.5646090E-13
    33    89 5.2129742E-09
    33    90 4.7533464E-09
    33    91 4.1745361E-05
    33    92 3.4778767E-06
    33    93 2.1163210E-03
    33    94 1.8545440E-04
    33    95 1.7603361E-02
    33    96 3.6075148E-05
    33    97 1.1718022E-04
    33    98 9.0109786E-08
    33    99 1.3159121E-07
    33   100 5.0595574E-11
    33   101 5.5749907E-12
    33   102 4.2742867E-16
    33   103 1.6737452E-17
    34    86 1.9616746E-23
    34    87 8.0049824E-22
    34    88 5.4599292E-18
    34    89 1.4625374E-17
    34    90 3.8486863E-13
    34    91 4.8263685E-13
    34    92 4.6230473E-10
    34    93 3.2090122E-10
    34    94 1.5382086E-05
    34    95 6.5752288E-06
    34    96 1.3879243E-02
    34    97 1.9513587E-04
    34    98 1.3068675E-02
    34    99 8.5591751E-05
    34   100 1.1873907E-02
    34   101 2.2568344E-05
    34   102 4.4642847E-05
    34   103 2.2500163E-08
    34   104 9.1570220E-09
    34   105 2.9592814E-14
    34   106 1.5583761E-16
    34   107 3.2161166E-22
    35    90 6.1208691E-23
    35    91 5.0525234E-20
    35    92 3.6855416E-19
    35    93 7.7848226E-15
    35    94 3.3640031E-14
    35    95 7.8144417E-11
    35    96 3.3632796E-10
    35    97 5.8229130E-06
    35    98 1.1469317E-06
    35    99 4.0001063E-04
    35   100 5.7867136E-05
    35   101 1.5069670E-02
    35   102 5.6524348E-04
    35   103 1.3955388E-02
    35   104 4.8121245E-05
    35   105 6.8460699E-05
    35   106 5.0297144E-09
    35   107 1.2634707E-10
    35   108 2.1329537E-15
    35   109 4.9774139E-18
    36    93 9.5243782E-23
    36    94 2.7169560E-20
    36    95 1.3572820E-18
    36    96 1.1501059E-14
    36    97 3.2640130E-14
    36    98 2.5612186E-11
    36    99 2.4001433E-11
    36   100 1.6945155E-07
    36   101 8.6988797E-08
    36   102 3.3716243E-04
    36   103 4.5344683E-05
    36   104 7.1193528E-02
    36   105 6.0591127E-04
    36   106 1.5176153E-02
    36   107 5.0254498E-06
    36   108 7.2398639E-07
    36   109 4.6358985E-11
    36   110 1.2151191E-14
    36   111 3.6480671E-20
    36   112 1.1392222E-21
    36   113 1.5655559E-22
    37    97 1.7218155E-21
    37    98 4.3090183E-19
    37    99 2.8009835E-16
    37   100 1.1544717E-14
    37   101 4.7504369E-12
    37   102 3.2050593E-11
    37   103 2.9935140E-07
    37   104 7.3630021E-07
    37   105 3.8967166E-03
    37   106 7.5936908E-04
    37   107 4.9636067E-02
    37   108 5.5037963E-04
    37   109 6.8702810E-04
    37   110 7.8751892E-08
    37   111 2.2287888E-10
    37   112 4.8701041E-14
    37   113 7.5293118E-13
    37   114 3.7309107E-15
    37   115 5.5374863E-16
    37   116 9.8943108E-20
    37   117 1.4452859E-20
    37   118 2.0838966E-21
    37   119 4.5830264E-23
    38    99 2.4859040E-23
    38   100 7.2412221E-20
    38   101 1.1967828E-17
    38   102 1.9055308E-14
    38   103 8.6461708E-13
    38   104 2.4938589E-10
    38   105 1.3571578E-09
    38   106 1.3556358E-04
    38   107 1.2770511E-04
    38   108 1.1174918E-01
    38   109 1.5537516E-03
    38   110 1.6713839E-02
    38   111 1.6491854E-05
    38   112 2.4792122E-06
    38   113 1.3196266E-07
    38   114 5.6947589E-06
    38   115 1.9265968E-08
    38   116 3.4835506E-08
    38   117 1.0148482E-11
    38   118 2.4168469E-11
    38   119 1.0867535E-11
    38   120 8.6927371E-12
    38   121 4.8819077E-20
    39   103 7.6395915E-20
    39   104 5.2465637E-17
    39   105 5.9896698E-14
    39   106 3.6158545E-12
    39   107 8.4007519E-09
    39   108 1.5639354E-07
    39   109 8.3788711E-04
    39   110 2.0205649E-04
    39   111 1.4181783E-02
    39   112 4.6575193E-05
    39   113 2.0159934E-03
    39   114 6.8177891E-05
    39   115 1.0101656E-02
    39   116 9.7647106E-04
    39   117 1.0426567E-02
    39   118 5.5020738E-05
    39   119 1.0759702E-04
    39   120 2.4182818E-04
    39   121 7.4917871E-04
    39   122 5.8573436E-11
    39   123 3.0890921E-16
    40   104 8.2944861E-23
    40   105 1.5073164E-20
    40   106 3.7787018E-17
    40   107 2.0181706E-14
    40   108 6.0006462E-12
    40   109 1.6288844E-11
    40   110 1.0795707E-09
    40   111 3.3433965E-10
    40   112 8.8663638E-08
    40   113 1.1704968E-09
    40   114 8.8880270E-09
    40   115 2.6094424E-09
    40   116 3.7467410E-07
    40   117 1.3668341E-07
    40   118 2.6826559E-05
    40   119 4.0500992E-07
    40   120 9.3384198E-06
    40   121 3.6072294E-04
    40   122 2.6080373E-02
    40   123 2.0985912E-09
    40   124 1.3316234E-13
    40   125 8.4382272E-22
    41   108 3.6387884E-22
    41   109 5.9428437E-20
    41   110 4.4711309E-19
    41   111 1.6672731E-16
    41   112 8.2939077E-17
    41   113 6.0880401E-16
    41   114 2.1169587E-16
    41   115 6.8377096E-15
    41   116 1.9281731E-14
    41   117 1.4248445E-11
    41   118 4.7351033E-11
    41   119 4.9562842E-08
    41   120 2.0994735E-08
    41   121 1.2793318E-06
    41   122 8.5123383E-04
    41   123 2.7638708E-02
    41   124 1.2347659E-07
    41   125 4.9154783E-11
    41   126 2.1734991E-18
    41   127 3.8000481E-23
    42   114 7.8628019E-23
    42   115 1.5703836E-21
    42   116 1.2498792E-18
    42   117 5.3427487E-17
    42   118 5.4630976E-15
    42   119 3.3474404E-14
    42   120 1.1616538E-10
    42   121 1.3666451E-10
    42   122 3.4871371E-09
    42   123 3.2286245E-05
    42   124 4.1069905E-02
    42   125 3.1678269E-07
    42   126 3.0116245E-10
    42   127 7.6565744E-17
    42   128 1.1207323E-20
    43   118 1.9010963E-21
    43   119 2.6671031E-19
    43   120 4.8395961E-18
    43   121 2.3755402E-13
    43   122 5.2585328E-12
    43   123 1.4555802E-10
    43   124 1.4497356E-06
    43   125 2.5987113E-02
    43   126 7.7412513E-07
    43   127 1.3626391E-08
    43   128 1.4746383E-14
    43   129 2.7705812E-18
    44   120 4.7859686E-21
    44   121 9.9139814E-20
    44   122 2.0094928E-14
    44   123 4.8714002E-12
    44   124 6.6880805E-10
    44   125 5.3590473E-07
    44   126 3.7331735E-02
    44   127 8.6096062E-06
    44   128 3.3612761E-07
    44   129 2.5698424E-12
    44   130 1.8177883E-14
    44   131 1.8912319E-22
    45   121 2.1545715E-23
    45   122 3.4211204E-22
    45   123 8.3642811E-19
    45   124 1.9090604E-15
    45   125 1.2348328E-11
    45   126 2.1611915E-08
    45   127 1.4336672E-02
    45   128 1.7919690E-05
    45   129 1.0820134E-05
    45   130 5.5286659E-10
    45   131 1.4201091E-12
    45   132 1.4811305E-18
    45   133 5.3131650E-21
    46   124 6.7049104E-19
    46   125 1.1550493E-13
    46   126 5.4098280E-11
    46   127 5.0632149E-09
    46   128 9.3134756E-03
    46   129 1.6343578E-04
    46   130 4.0320266E-04
    46   131 8.4128997E-08
    46   132 2.0466913E-08
    46   133 6.2301929E-15
    46   134 1.0127011E-16
    46   135 1.6826621E-21
    46   136 6.4271120E-23
    47   125 1.8929635E-22
    47   126 2.2940835E-20
    47   127 2.8522873E-13
    47   128 2.4366724E-11
    47   129 1.7771384E-04
    47   130 8.8950434E-06
    47   131 1.1423985E-03
    47   132 2.8435520E-06
    47   133 2.8406829E-06
    47   134 9.2155975E-12
    47   135 1.7513786E-12
    47   136 6.5165424E-17
    47   137 1.4546917E-17
    47   138 4.3467666E-22
    47   139 3.7120232E-23
    48   126 1.9012785E-23
    48   127 6.2801523E-22
    48   128 7.5111481E-14
    48   129 3.6278919E-12
    48   130 8.8768722E-06
    48   131 4.1883853E-06
    48   132 3.8511380E-04
    48   133 1.7295541E-06
    48   134 1.3969555E-05
    48   135 9.6611751E-09
    48   136 2.8748873E-08
    48   137 1.4871611E-13
    48   138 4.4264247E-14
    48   139 9.8472346E-19
    48   140 3.1157179E-19
    48   141 3.0044899E-22
    48   142 1.8830559E-22
    49   129 2.5455224E-17
    49   130 2.5196603E-14
    49   131 1.2992400E-09
    49   132 2.0589384E-08
    49   133 1.9132768E-05
    49   134 3.8078812E-07
    49   135 1.8934274E-05
    49   136 6.6087068E-08
    49   137 6.2242298E-07
    49   138 5.3665870E-11
    49   139 2.3709786E-10
    49   140 3.9322110E-14
    49   141 2.9674842E-15
    49   142 1.0470030E-17
    49   143 1.6929017E-17
    49   144 9.9209144E-21
    49   145 3.8565822E-21
    50   130 2.7128524E-20
    50   131 7.1299952E-17
    50   132 1.7268390E-12
    50   133 1.6836401E-11
    50   134 5.4116660E-08
    50   135 2.5653403E-09
    50   136 1.4398871E-06
    50   137 4.3985711E-08
    50   138 3.0471260E-06
    50   139 1.4899236E-08
    50   140 3.0033263E-07
    50   141 2.4511918E-11
    50   142 2.6828479E-10
    50   143 4.6878904E-14
    50   144 2.7953691E-13
    50   145 5.8350540E-16
    50   146 1.0969680E-15
    50   147 1.0848297E-18
    50   148 4.0250323E-19
    50   149 2.0533517E-22
    50   150 5.5033421E-23
    51   133 1.7301352E-17
    51   134 5.8215342E-17
    51   135 1.9696911E-13
    51   136 6.3239519E-13
    51   137 5.8068319E-10
    51   138 1.4981951E-11
    51   139 6.2744765E-09
    51   140 2.1946914E-10
    51   141 3.0853864E-08
    51   142 2.4434011E-10
    51   143 2.1368294E-08
    51   144 8.7594134E-10
    51   145 4.1438328E-08
    51   146 1.0875804E-09
    51   147 1.3530230E-08
    51   148 7.5300018E-11
    51   149 1.4356805E-10
    51   150 3.7930176E-13
    51   151 2.0828810E-13
    51   152 1.6335663E-16
    51   153 2.2925000E-17
    51   154 3.1333044E-21
    51   155 3.4359499E-23
    52   134 2.7676284E-23
    52   135 9.2219977E-22
    52   136 1.3911840E-19
    52   137 1.3678120E-18
    52   138 6.5273401E-17
    52   139 6.7248829E-18
    52   140 3.7389888E-16
    52   141 7.5588821E-17
    52   142 6.5459433E-15
    52   143 5.2661344E-15
    52   144 1.0149612E-11
    52   145 3.4457138E-12
    52   146 1.1884664E-09
    52   147 1.6418980E-10
    52   148 1.1976947E-08
    52   149 3.5787396E-10
    52   150 5.2192668E-09
    52   151 2.9149023E-11
    52   152 4.2726387E-09
    52   153 3.9658344E-13
    52   154 3.7212807E-13
    52   155 3.0663028E-16
    52   156 2.3337564E-17
    52   157 1.5449612E-21
    52   158 2.7751244E-23
    53   143 1.0079583E-20
    53   144 1.9432058E-20
    53   145 4.8875122E-17
    53   146 2.7025896E-16
    53   147 3.3788805E-13
    53   148 4.9862690E-13
    53   149 1.5751191E-10
    53   150 3.7139018E-11
    53   151 2.1141052E-09
    53   152 2.0992092E-10
    53   153 2.6445558E-09
    53   154 8.3314144E-11
    53   155 2.5448903E-10
    53   156 1.9704608E-12
    53   157 7.0400362E-13
    53   158 2.5691468E-16
    53   159 1.6510908E-17
    53   160 2.4564448E-21
    53   161 5.6429528E-23
    54   146 1.9335470E-21
    54   147 1.3958494E-20
    54   148 2.4929312E-18
    54   149 4.5309427E-18
    54   150 5.2249691E-15
    54   151 7.0764391E-15
    54   152 3.6972695E-12
    54   153 1.3033700E-12
    54   154 2.7827253E-10
    54   155 4.9044125E-11
    54   156 1.3979057E-09
    54   157 1.8423749E-11
    54   158 3.0698120E-11
    54   159 3.6098650E-14
    54   160 1.1245861E-14
    54   161 6.2495690E-18
    54   162 7.3242990E-19
    54   163 1.0736347E-22
