     1     1 7.7874851E-10
     1     2 1.3704814E-10
     1     3 3.7252111E-08
     2     3 2.0824614E-18
     2     4 3.8139759E-02
     2     6 7.7342261E-14
     3     6 5.1484510E-20
     3     7 4.9343766E-10
     3     8 4.6340047E-12
     3     9 3.9518901E-09
     4     7 1.4839988E-22
     4     8 7.3299606E-10
     4     9 4.0156706E-13
     4    10 4.8106828E-13
     4    11 1.1552255E-18
     4    12 3.6378692E-18
     5    10 2.7462966E-18
     5    11 1.8015334E-10
     5    12 2.4567513E-11
     5    13 1.0299094E-07
     5    14 2.1907563E-12
     6    10 2.3199609E-22
     6    12 1.1662989E-12
     6    13 2.0708727E-12
     6    14 6.3788852E-07
     6    15 9.0940616E-11
     6    16 1.4472289E-07
     6    17 3.6639648E-12
     7    13 1.8745684E-24
     7    14 1.7522012E-13
     7    15 7.9237890E-10
     7    16 1.9761009E-10
     7    17 1.2454006E-09
     7    18 9.4394904E-10
     7    19 1.2831978E-04
     7    20 8.3623789E-07
     8    16 2.1765492E-13
     8    17 2.3201510E-12
     8    18 2.3763137E-10
     8    19 1.6060822E-10
     8    20 8.8069559E-10
     8    21 1.1521460E-08
     8    22 2.5025174E-09
     9    18 5.3661474E-22
     9    19 4.8859556E-13
     9    20 1.8221996E-12
     9    21 1.0349734E-09
     9    22 6.9096008E-10
     9    23 2.5096260E-10
     9    24 1.1656255E-10
     9    25 6.0516417E-09
     9    26 4.1066309E-13
    10    20 7.7152035E-15
    10    21 9.6114531E-14
    10    22 5.9806034E-12
    10    23 1.3770601E-10
    10    24 2.3890669E-10
    10    25 1.8610115E-09
    10    26 1.7197978E-07
    10    27 1.0656804E-09
    10    28 4.8384254E-08
    10    29 2.4398114E-11
    10    30 1.4148896E-09
    10    31 1.9689219E-12
    10    32 4.8338471E-11
    10    33 2.2919944E-21
    11    22 8.8557594E-21
    11    23 3.4041418E-16
    11    24 2.8640466E-13
    11    25 1.8800986E-12
    11    26 1.8771189E-12
    11    27 2.7571597E-11
    11    28 2.0488084E-11
    11    29 1.1013660E-08
    11    30 1.5381361E-10
    11    31 9.8188480E-08
    11    32 2.1982078E-09
    11    33 4.5695793E-14
    11    34 2.9523918E-18
    11    35 7.8259662E-21
    12    24 1.1616189E-17
    12    25 2.4024276E-16
    12    26 2.2212433E-14
    12    27 3.0658768E-14
    12    28 1.0793756E-12
    12    29 6.1198061E-11
    12    30 9.8103841E-10
    12    31 1.4496731E-10
    12    32 1.1871133E-08
    12    33 7.8193540E-10
    12    34 1.7804738E-06
    12    35 5.6759542E-15
    12    36 1.6045894E-13
    12    37 1.1371745E-20
    12    38 1.3316704E-21
    13    27 1.9157255E-18
    13    28 2.1594314E-17
    13    29 2.0305705E-16
    13    30 1.2170837E-15
    13    31 1.3700596E-14
    13    32 7.5628293E-13
    13    33 1.0012856E-10
    13    34 1.1366603E-11
    13    35 2.5105185E-08
    13    36 3.2179165E-10
    13    37 1.0101898E-06
    13    38 3.0207840E-11
    13    39 3.1624158E-10
    13    40 6.1258378E-17
    13    41 8.0957959E-13
    14    28 1.2256165E-21
    14    29 6.1364802E-20
    14    30 5.6691791E-19
    14    31 8.6403843E-18
    14    32 1.3906811E-15
    14    33 3.6822941E-14
    14    34 2.0367721E-12
    14    35 1.3241423E-12
    14    36 3.1271695E-09
    14    37 4.8529322E-10
    14    38 3.2963562E-07
    14    39 6.9012160E-10
    14    40 1.2180883E-09
    14    41 1.1369394E-09
    14    42 1.8270505E-05
    14    43 2.2744152E-16
    14    44 2.0609078E-20
    15    31 7.6010875E-24
    15    32 3.0810598E-23
    15    33 1.8388335E-21
    15    34 3.4949252E-20
    15    35 2.0716618E-16
    15    36 3.6846860E-15
    15    37 6.7219173E-14
    15    38 1.4844660E-13
    15    39 4.7834099E-13
    15    40 3.9234427E-11
    15    41 2.3130025E-09
    15    42 6.5464180E-11
    15    43 1.2917786E-05
    15    44 1.5479675E-13
    15    45 1.4926648E-14
    15    46 9.7832689E-21
    15    47 7.6733460E-19
    16    34 6.4798376E-24
    16    35 2.1633665E-22
    16    36 1.3196730E-19
    16    37 1.8556444E-18
    16    38 4.7051613E-18
    16    39 2.1682008E-15
    16    40 1.1634174E-14
    16    41 1.3945532E-12
    16    42 3.4088727E-11
    16    43 1.0651343E-09
    16    44 3.2744177E-04
    16    45 1.6816572E-07
    16    46 4.9479516E-06
    16    47 3.0960422E-11
    16    48 6.0656030E-11
    16    49 6.2685157E-18
    16    50 4.3058236E-19
    17    38 5.1295549E-24
    17    39 4.0477514E-22
    17    40 2.3471996E-21
    17    41 2.9444456E-20
    17    42 1.2997989E-18
    17    43 1.6740950E-12
    17    44 7.3256802E-12
    17    45 2.0128247E-06
    17    46 7.8339967E-08
    17    47 1.6659389E-04
    17    48 3.0581673E-08
    17    49 1.1980283E-06
    17    50 8.6587585E-12
    17    51 2.6645597E-12
    17    52 7.4576896E-20
    18    42 7.4327538E-23
    18    43 1.3765940E-21
    18    44 1.5038278E-15
    18    45 1.1789054E-14
    18    46 2.6925635E-12
    18    47 2.2493345E-10
    18    48 7.8457934E-06
    18    49 4.9695182E-08
    18    50 2.6618574E-04
    18    51 4.6906769E-08
    18    52 2.6789754E-06
    18    53 3.2642513E-12
    18    54 2.9125180E-13
    18    55 8.5669455E-18
    18    56 1.0478996E-17
    19    45 5.5104012E-24
    19    46 2.3261588E-20
    19    47 1.7808682E-15
    19    48 4.3604008E-14
    19    49 3.5413911E-09
    19    50 8.6436733E-09
    19    51 8.7065603E-05
    19    52 9.4624511E-07
    19    53 2.0198378E-04
    19    54 1.3974068E-08
    19    55 1.1337905E-08
    19    56 1.4149167E-11
    19    57 7.4008013E-12
    19    58 8.3721252E-18
    19    59 2.2456077E-18
    20    47 4.9881755E-24
    20    48 4.9981583E-18
    20    49 3.4399797E-14
    20    50 6.2354505E-13
    20    51 1.2075206E-11
    20    52 1.7121952E-09
    20    53 3.2279930E-10
    20    54 3.4057340E-06
    20    55 5.5278655E-08
    20    56 2.4473490E-04
    20    57 2.1140464E-09
    20    58 1.7222791E-05
    20    59 3.1784688E-11
    20    60 9.7568369E-11
    20    61 4.1814070E-15
    20    62 1.9577026E-16
    21    49 6.2709079E-24
    21    50 1.6337412E-22
    21    51 5.4882066E-20
    21    52 3.4535096E-18
    21    53 4.7007859E-11
    21    54 1.1879739E-09
    21    55 1.1149070E-10
    21    56 4.6771779E-11
    21    57 1.0630723E-07
    21    58 2.8048826E-09
    21    59 2.2362663E-05
    21    60 1.1814185E-07
    21    61 1.9543375E-04
    21    62 1.5768283E-10
    21    63 1.6412271E-10
    21    64 1.8641764E-15
    21    65 1.9460738E-16
    21    66 1.4744319E-22
    22    52 2.1605725E-21
    22    53 7.0740048E-18
    22    54 3.0722013E-17
    22    55 5.9248252E-17
    22    56 9.0349472E-13
    22    57 1.0326765E-13
    22    58 9.1007171E-11
    22    59 3.5568520E-11
    22    60 1.7547989E-07
    22    61 4.1887583E-09
    22    62 1.0635403E-04
    22    63 2.6550012E-09
    22    64 1.8142785E-05
    22    65 5.0791992E-11
    22    66 4.1390129E-09
    22    67 1.2869210E-14
    22    68 6.8839887E-15
    22    69 5.0394179E-21
    22    70 3.9632548E-22
    23    56 2.3866759E-21
    23    57 3.2598984E-19
    23    58 2.7170790E-19
    23    59 2.1990194E-15
    23    60 6.0973178E-15
    23    61 1.9259934E-11
    23    62 3.3808554E-11
    23    63 3.1836070E-06
    23    64 4.7678383E-09
    23    65 8.6740647E-05
    23    66 2.4011655E-06
    23    67 5.2507933E-05
    23    68 5.8920991E-08
    23    69 4.7117094E-07
    23    70 1.5449930E-11
    23    71 4.3420180E-12
    23    72 1.0373463E-16
    23    73 1.9868974E-18
    24    59 6.4896178E-23
    24    60 1.1481006E-19
    24    61 2.1048649E-17
    24    62 2.8726630E-13
    24    63 7.5089742E-13
    24    64 5.9468160E-09
    24    65 4.3052148E-11
    24    66 1.7080333E-08
    24    67 8.4046820E-10
    24    68 3.4384973E-05
    24    69 4.5228665E-07
    24    70 3.3845832E-04
    24    71 6.2810722E-08
    24    72 5.2948009E-07
    24    73 8.0256521E-11
    24    74 8.0271781E-11
    24    75 2.1339229E-19
    24    76 5.5587665E-23
    25    62 2.7318590E-22
    25    63 6.7035776E-20
    25    64 5.9870755E-18
    25    65 2.4355332E-16
    25    66 1.0509055E-15
    25    67 3.6208481E-12
    25    68 1.6109923E-12
    25    69 2.2260710E-08
    25    70 5.3176212E-09
    25    71 9.2144970E-05
    25    72 2.3738645E-06
    25    73 5.5984780E-04
    25    74 2.9701440E-06
    25    75 5.1325980E-05
    25    76 5.7846327E-12
    25    77 1.3309589E-15
    25    78 1.0749309E-23
    26    66 5.8129256E-22
    26    67 1.1723553E-19
    26    68 9.5828648E-15
    26    69 2.5812172E-14
    26    70 1.5706547E-11
    26    71 1.3384051E-11
    26    72 4.6691993E-09
    26    73 8.5289621E-10
    26    74 8.4007943E-06
    26    75 6.9533808E-07
    26    76 6.5027264E-04
    26    77 1.0236402E-10
    26    78 1.2089276E-12
    26    79 9.9555218E-20
    26    80 1.4136553E-23
    27    69 1.9035993E-21
    27    70 4.3936180E-20
    27    71 4.3215238E-18
    27    72 3.3952797E-17
    27    73 4.0780167E-13
    27    74 1.9710618E-12
    27    75 6.9004471E-08
    27    76 1.7456790E-07
    27    77 1.1448139E-03
    27    78 2.1953010E-08
    27    79 9.8269571E-10
    27    80 6.5634701E-16
    27    81 1.6362637E-18
    28    72 4.6615750E-21
    28    73 5.4754200E-20
    28    74 2.9765578E-15
    28    75 4.9255864E-14
    28    76 2.1180067E-10
    28    77 6.2258200E-10
    28    78 8.9576522E-04
    28    79 2.1497016E-09
    28    80 1.1216655E-07
    28    81 6.4519002E-14
    28    82 3.3513327E-14
    28    83 1.4293858E-22
    29    75 1.8248737E-21
    29    76 3.9053459E-19
    29    77 3.7176260E-13
    29    78 1.8892591E-10
    29    79 3.0366485E-04
    29    80 1.2516510E-06
    29    81 1.8807549E-05
    29    82 3.6003336E-09
    29    83 4.6839725E-09
    29    84 9.9689477E-14
    29    85 7.8693334E-15
    29    86 1.1123372E-20
    30    76 9.3324500E-22
    30    77 1.4866174E-20
    30    78 9.0197679E-13
    30    79 2.0077215E-11
    30    80 8.1574922E-06
    30    81 7.8455345E-07
    30    82 1.9037421E-04
    30    83 7.4825468E-07
    30    84 4.8008360E-05
    30    85 1.2840632E-08
    30    86 9.3279619E-08
    30    87 1.7841402E-13
    30    88 1.0743814E-14
    30    89 2.0855289E-20
    30    90 7.5493385E-21
    31    78 8.3956596E-23
    31    79 1.1314623E-16
    31    80 1.7558821E-15
    31    81 5.0642957E-11
    31    82 2.6125863E-10
    31    83 8.1668174E-07
    31    84 6.3210374E-08
    31    85 8.9628397E-05
    31    86 4.2600228E-07
    31    87 1.7571308E-05
    31    88 5.6578088E-09
    31    89 9.1352941E-09
    31    90 4.0410993E-13
    31    91 9.2534690E-13
    31    92 3.0841581E-17
    31    93 2.0188407E-18
    32    80 2.6067172E-21
    32    81 3.2945175E-19
    32    82 4.0757160E-15
    32    83 3.2420412E-14
    32    84 1.0079690E-10
    32    85 1.1052811E-10
    32    86 1.2238666E-06
    32    87 1.1050863E-07
    32    88 7.3866339E-05
    32    89 3.7238012E-07
    32    90 2.5727028E-05
    32    91 1.2089292E-08
    32    92 2.2819461E-07
    32    93 9.8438086E-11
    32    94 1.8039453E-10
    32    95 1.7508225E-15
    32    96 1.2170641E-16
    32    97 1.2672830E-22
    33    83 1.1981163E-20
    33    84 3.0197912E-20
    33    85 4.4532604E-15
    33    86 4.1224621E-15
    33    87 8.1359803E-12
    33    88 1.3492378E-11
    33    89 1.7278523E-07
    33    90 1.9471816E-08
    33    91 2.2047204E-05
    33    92 2.2007699E-07
    33    93 1.6443750E-05
    33    94 1.7257490E-07
    33    95 2.0023972E-06
    33    96 4.8704094E-10
    33    97 1.9194718E-10
    33    98 1.7482484E-14
    33    99 3.0912245E-15
    33   100 1.4071130E-19
    33   101 1.8643202E-21
    34    86 1.3487767E-21
    34    87 1.0153278E-19
    34    88 1.5957355E-15
    34    89 1.8058432E-15
    34    90 4.8328037E-12
    34    91 2.0215789E-12
    34    92 5.6750373E-09
    34    93 5.3102493E-10
    34    94 3.8717189E-06
    34    95 1.9867689E-07
    34    96 5.1700246E-05
    34    97 8.6553681E-08
    34    98 7.0900167E-07
    34    99 5.5161444E-10
    34   100 9.3899663E-09
    34   101 2.1168366E-12
    34   102 5.0779051E-13
    34   103 3.0259653E-17
    34   104 1.4879985E-18
    35    89 1.3807047E-22
    35    90 5.5332738E-21
    35    91 1.0057871E-17
    35    92 3.5814690E-17
    35    93 2.4206356E-14
    35    94 2.0587312E-13
    35    95 6.5294902E-09
    35    96 7.0816621E-09
    35    97 2.1307983E-05
    35    98 5.0445664E-07
    35    99 2.1581626E-05
    35   100 3.7419848E-07
    35   101 1.1943860E-05
    35   102 5.3556531E-08
    35   103 1.6112700E-07
    35   104 6.6083992E-11
    35   105 1.1374135E-11
    35   106 9.8533650E-17
    35   107 2.9680076E-19
    36    92 5.2223585E-22
    36    93 5.8680536E-20
    36    94 1.7668475E-17
    36    95 1.2873260E-16
    36    96 4.1835352E-13
    36    97 8.7343384E-13
    36    98 2.1281135E-09
    36    99 4.0153463E-10
    36   100 9.2612258E-07
    36   101 5.7813385E-08
    36   102 2.7943260E-05
    36   103 4.4971721E-07
    36   104 8.7037489E-05
    36   105 8.8109968E-08
    36   106 2.6932655E-07
    36   107 1.0542205E-11
    36   108 1.8304326E-13
    36   109 1.3817405E-18
    36   110 4.2890956E-23
    37    95 2.2785818E-22
    37    96 1.1990106E-21
    37    97 1.1095843E-18
    37    98 3.6629166E-17
    37    99 9.1654508E-15
    37   100 3.9966034E-14
    37   101 1.6713212E-10
    37   102 2.2583625E-10
    37   103 4.4625348E-07
    37   104 1.3299197E-07
    37   105 8.6991260E-05
    37   106 2.0356326E-06
    37   107 1.6239101E-05
    37   108 2.1493550E-08
    37   109 3.2453117E-09
    37   110 4.3934441E-14
    37   111 1.4802993E-17
    37   112 3.8019415E-22
    37   113 7.2404422E-22
    38    98 6.6123200E-23
    38    99 7.3473364E-21
    38   100 1.0242019E-17
    38   101 1.5579934E-16
    38   102 7.2224472E-14
    38   103 3.0529659E-13
    38   104 4.3983685E-09
    38   105 5.1147476E-09
    38   106 6.7439091E-05
    38   107 7.6457421E-06
    38   108 8.2252818E-04
    38   109 1.3636283E-06
    38   110 1.7834313E-06
    38   111 2.0880457E-10
    38   112 3.7764354E-12
    38   113 2.4129936E-14
    38   114 1.2723351E-13
    38   115 5.1105959E-17
    38   116 1.1212403E-17
    38   117 3.8528655E-22
    38   118 1.1142173E-22
    39   102 1.3136386E-22
    39   103 4.6195451E-18
    39   104 2.3802753E-16
    39   105 6.4811392E-13
    39   106 1.4164220E-11
    39   107 5.5270549E-07
    39   108 1.3094987E-06
    39   109 8.6865038E-04
    39   110 2.5140848E-05
    39   111 2.1554770E-04
    39   112 8.3956310E-08
    39   113 4.4435597E-07
    39   114 1.7928312E-09
    39   115 3.2576881E-08
    39   116 3.7752347E-10
    39   117 4.9020094E-10
    39   118 3.0794477E-13
    39   119 7.2806693E-14
    39   120 1.9833214E-14
    39   121 7.4659461E-15
    39   122 6.7496498E-23
    40   104 2.6437362E-20
    40   105 8.1969920E-18
    40   106 6.3365810E-15
    40   107 1.8810158E-13
    40   108 7.9990628E-11
    40   109 4.6355130E-10
    40   110 3.3736767E-06
    40   111 4.1451531E-07
    40   112 1.3385880E-04
    40   113 2.2173117E-07
    40   114 4.7958610E-05
    40   115 4.3931703E-06
    40   116 5.5820634E-04
    40   117 2.5421261E-05
    40   118 6.3941234E-04
    40   119 1.1532804E-06
    40   120 3.2881206E-06
    40   121 1.5416493E-05
    40   122 1.3653909E-04
    40   123 1.2712948E-12
    40   124 9.5671739E-18
    41   107 7.8749711E-22
    41   108 4.6891397E-20
    41   109 1.3589918E-15
    41   110 9.9515800E-15
    41   111 2.4013707E-12
    41   112 1.2720492E-12
    41   113 1.9264709E-11
    41   114 3.7592824E-12
    41   115 2.2066517E-10
    41   116 2.5604708E-10
    41   117 1.8180523E-07
    41   118 8.1089063E-08
    41   119 1.0528103E-05
    41   120 5.3676342E-07
    41   121 3.9962596E-06
    41   122 3.2699037E-04
    41   123 1.2948729E-03
    41   124 6.7603741E-10
    41   125 3.1954018E-14
    41   126 1.6354152E-22
    42   110 5.6251013E-21
    42   111 8.5429671E-21
    42   112 1.0077707E-18
    42   113 3.5374685E-19
    42   114 2.4832267E-17
    42   115 1.7612453E-16
    42   116 4.6084310E-14
    42   117 1.1955145E-13
    42   118 8.4256320E-12
    42   119 5.1614463E-12
    42   120 1.3194228E-09
    42   121 2.1907910E-10
    42   122 1.6750864E-08
    42   123 2.9725509E-05
    42   124 4.6708280E-03
    42   125 4.2114245E-09
    42   126 4.7794891E-13
    42   127 1.4110868E-20
    43   115 2.3213376E-23
    43   116 1.7141002E-22
    43   117 1.9369307E-20
    43   118 2.4559370E-19
    43   119 3.4379175E-17
    43   120 3.6810117E-16
    43   121 2.3857301E-12
    43   122 6.4271874E-12
    43   123 8.8104042E-10
    43   124 2.4042028E-06
    43   125 5.3316377E-03
    43   126 1.8647107E-08
    43   127 3.9321127E-11
    43   128 4.9633087E-18
    43   129 1.1055432E-22
    44   119 8.9394539E-22
    44   120 1.5785498E-19
    44   121 6.7302694E-18
    44   122 2.9207820E-13
    44   123 8.6023505E-12
    44   124 1.9147014E-09
    44   125 3.1640037E-06
    44   126 2.7752673E-02
    44   127 7.5396058E-07
    44   128 3.5443497E-09
    44   129 3.1715032E-15
    44   130 2.6876912E-18
    45   121 4.8894989E-22
    45   122 5.8646600E-21
    45   123 4.2982751E-17
    45   124 1.2487172E-14
    45   125 1.0189457E-10
    45   126 3.2590275E-07
    45   127 2.7177802E-02
    45   128 4.0218663E-06
    45   129 2.9316103E-07
    45   130 1.7651130E-12
    45   131 5.3953156E-16
    45   132 6.5590441E-23
    46   123 2.2864684E-22
    46   124 8.8042083E-17
    46   125 1.8830506E-12
    46   126 9.1832344E-10
    46   127 6.7316742E-07
    46   128 1.7195911E-01
    46   129 3.5901445E-04
    46   130 1.0768374E-04
    46   131 2.6479463E-09
    46   132 7.7850385E-11
    46   133 2.7425293E-18
    46   134 5.3668062E-21
    47   125 2.8104412E-20
    47   126 2.3664838E-17
    47   127 4.7714234E-11
    47   128 7.7257614E-08
    47   129 9.5182090E-02
    47   130 5.7003259E-04
    47   131 8.9118791E-03
    47   132 2.6350025E-06
    47   133 3.1855642E-07
    47   134 1.2025394E-13
    47   135 2.7613181E-15
    47   136 1.2053808E-20
    47   137 3.2510325E-22
    48   126 8.2090403E-20
    48   127 1.4746867E-17
    48   128 3.4257928E-10
    48   129 1.8297605E-08
    48   130 1.4896183E-01
    48   131 8.4265755E-03
    48   132 9.4979486E-02
    48   133 5.0635965E-05
    48   134 4.9809510E-05
    48   135 4.0746295E-09
    48   136 1.4725725E-09
    48   137 8.8635727E-16
    48   138 3.2007782E-17
    48   139 8.2998215E-23
    49   127 5.2476901E-22
    49   128 1.2446826E-19
    49   129 3.6724941E-12
    49   130 3.3737492E-09
    49   131 5.8248208E-04
    49   132 1.1221059E-03
    49   133 1.2800616E-01
    49   134 3.0418368E-04
    49   135 1.8448059E-03
    49   136 7.6514372E-07
    49   137 8.7649342E-07
    49   138 8.8747933E-12
    49   139 4.7739242E-12
    49   140 9.3381400E-17
    49   141 8.4412776E-19
    49   142 3.5459961E-22
    49   143 6.9450589E-23
    50   129 2.3666179E-20
    50   130 9.9033106E-14
    50   131 8.2382019E-12
    50   132 6.9835680E-05
    50   133 9.3404967E-05
    50   134 3.8736150E-02
    50   135 2.1968122E-04
    50   136 1.5135097E-02
    50   137 5.5128515E-05
    50   138 4.6741175E-04
    50   139 2.7139542E-07
    50   140 6.6773021E-07
    50   141 6.4081896E-12
    50   142 8.5504868E-12
    50   143 1.7468918E-16
    50   144 1.2715088E-16
    50   145 3.1436120E-20
    50   146 7.1712041E-21
    51   131 2.7631265E-23
    51   132 4.0285384E-16
    51   133 8.8640864E-08
    51   134 1.5227988E-07
    51   135 7.8468177E-05
    51   136 3.0799046E-05
    51   137 3.4850751E-03
    51   138 1.0678591E-05
    51   139 5.5039487E-04
    51   140 2.3034843E-06
    51   141 3.9666490E-05
    51   142 3.7207703E-08
    51   143 3.9889208E-07
    51   144 1.9544118E-09
    51   145 1.1293786E-08
    51   146 3.5367554E-11
    51   147 5.3588864E-11
    51   148 3.5438758E-14
    51   149 8.1951442E-15
    51   150 2.5700721E-18
    51   151 1.7059165E-19
    51   152 1.5837845E-23
    52   133 1.1570757E-19
    52   134 5.8649489E-14
    52   135 2.1397439E-13
    52   136 8.0357896E-12
    52   137 2.4404683E-11
    52   138 8.4624806E-09
    52   139 1.7391384E-10
    52   140 4.6869062E-08
    52   141 8.4138325E-09
    52   142 1.0401285E-06
    52   143 1.1433156E-07
    52   144 2.8424068E-05
    52   145 1.1566763E-06
    52   146 4.9018393E-05
    52   147 8.1049179E-07
    52   148 7.2323832E-06
    52   149 2.5785674E-08
    52   150 4.5815831E-08
    52   151 3.0391707E-11
    52   152 5.3542083E-10
    52   153 5.9690677E-15
    52   154 6.7795513E-16
    52   155 6.6208792E-20
    52   156 6.0563450E-22
    53   135 1.2194335E-22
    53   136 2.0175435E-22
    53   137 3.1606364E-19
    53   138 9.6547842E-19
    53   139 1.7673818E-17
    53   140 1.6586123E-17
    53   141 2.4575612E-14
    53   142 1.9649179E-14
    53   143 6.8073437E-11
    53   144 3.3023810E-11
    53   145 3.5195117E-08
    53   146 2.4421370E-08
    53   147 3.7928864E-06
    53   148 6.7468726E-07
    53   149 2.6139860E-05
    53   150 7.3902098E-07
    53   151 5.1399415E-06
    53   152 6.1132432E-08
    53   153 9.3706437E-08
    53   154 3.5268649E-10
    53   155 1.3063446E-10
    53   156 1.2059700E-13
    53   157 5.1982083E-15
    53   158 2.2414393E-19
    53   159 1.7329494E-21
    54   141 6.1962919E-23
    54   142 5.9140301E-19
    54   143 7.6645533E-19
    54   144 4.0130599E-16
    54   145 8.0028091E-16
    54   146 1.6527169E-12
    54   147 5.8767442E-12
    54   148 1.0582367E-08
    54   149 5.4021024E-09
    54   150 1.3763951E-06
    54   151 2.2667273E-07
    54   152 1.4602093E-05
    54   153 6.1768248E-07
    54   154 1.6172836E-05
    54   155 3.4184538E-07
    54   156 1.1880313E-06
    54   157 1.8668823E-09
    54   158 3.7670349E-10
    54   159 5.2495064E-14
    54   160 1.9743229E-15
    54   161 1.2978364E-19
    54   162 1.8322416E-21
     0     1 1.6418024E-01
     0     0 0.0000000E+00
