     1     1 0.1185734E-08
     1     2 0.3644240E-09
     1     3 0.1082561E-07
     2     4 0.2377403E+00
     2     6 0.1563172E-11
     3     7 0.4566059E-09
     3     8 0.2821569E-11
     3     9 0.2042346E-08
     4     8 0.7755543E-08
     4     9 0.3754076E-10
     4    10 0.8214755E-11
     5    11 0.1420261E-09
     5    12 0.4596728E-11
     5    13 0.6784535E-08
     5    14 0.2580929E-12
     6    12 0.5380704E-09
     6    13 0.3479485E-09
     6    14 0.8920715E-06
     6    15 0.2215206E-09
     6    16 0.3937674E-06
     6    17 0.1788573E-10
     7    14 0.6814961E-12
     7    15 0.2320851E-09
     7    16 0.6472163E-10
     7    17 0.3176470E-09
     7    18 0.2384192E-09
     7    19 0.1115243E-05
     7    20 0.1284288E-07
     8    16 0.1813110E-09
     8    17 0.1726068E-10
     8    18 0.1832890E-08
     8    19 0.1080355E-08
     8    20 0.4744220E-08
     8    21 0.1468313E-07
     8    22 0.6379395E-09
     9    19 0.8005447E-12
     9    20 0.2988948E-11
     9    21 0.1042910E-08
     9    22 0.4693454E-09
     9    23 0.9232179E-10
     9    24 0.6573842E-10
     9    25 0.6910132E-09
     9    26 0.8377390E-13
    10    20 0.2879068E-12
    10    21 0.3702731E-11
    10    22 0.2108373E-09
    10    23 0.4062683E-08
    10    24 0.2144789E-08
    10    25 0.1396013E-07
    10    26 0.2863988E-06
    10    27 0.3108564E-08
    10    28 0.5038188E-07
    10    29 0.4493556E-10
    10    30 0.1700112E-08
    10    31 0.4194635E-11
    10    32 0.4132099E-10
    11    24 0.1451177E-11
    11    25 0.8292782E-11
    11    26 0.7626273E-11
    11    27 0.1073250E-09
    11    28 0.3177818E-10
    11    29 0.3290734E-08
    11    30 0.7189083E-10
    11    31 0.3100236E-07
    11    32 0.1216902E-08
    11    33 0.4525521E-13
    12    25 0.4289155E-13
    12    26 0.3330246E-11
    12    27 0.2629754E-11
    12    28 0.4830608E-10
    12    29 0.5454764E-09
    12    30 0.6412566E-08
    12    31 0.1145691E-08
    12    32 0.4756374E-07
    12    33 0.4944459E-08
    12    34 0.2755333E-05
    12    36 0.6778379E-12
    13    31 0.1973478E-12
    13    32 0.1190720E-11
    13    33 0.9983972E-10
    13    34 0.1772187E-10
    13    35 0.5413727E-08
    13    36 0.1088606E-09
    13    37 0.3178586E-06
    13    38 0.1697870E-10
    13    39 0.3061116E-09
    13    41 0.2727119E-12
    14    32 0.6940214E-13
    14    33 0.1241363E-11
    14    34 0.3152393E-10
    14    35 0.2772982E-10
    14    36 0.1396354E-07
    14    37 0.3789403E-08
    14    38 0.1432798E-05
    14    39 0.5280795E-08
    14    40 0.9105400E-08
    14    41 0.3837631E-08
    14    42 0.2759850E-04
    15    37 0.1637146E-12
    15    38 0.2082341E-12
    15    39 0.6364141E-12
    15    40 0.6174648E-10
    15    41 0.1449479E-08
    15    42 0.6514297E-10
    15    43 0.2909085E-05
    15    44 0.6366787E-13
    16    39 0.4929054E-13
    16    40 0.2905415E-12
    16    41 0.2932947E-10
    16    42 0.1224705E-09
    16    43 0.8092032E-09
    16    44 0.2920721E-03
    16    45 0.2670201E-06
    16    46 0.1346192E-04
    16    47 0.1515385E-09
    16    48 0.5140310E-09
    17    43 0.8206713E-12
    17    44 0.4163353E-11
    17    45 0.5410701E-07
    17    46 0.3689830E-08
    17    47 0.1326335E-04
    17    48 0.4329960E-08
    17    49 0.2927835E-06
    17    50 0.3792788E-11
    17    51 0.2040080E-11
    18    46 0.1527079E-12
    18    47 0.7504382E-09
    18    48 0.4306375E-05
    18    49 0.4824397E-07
    18    50 0.4341343E-03
    18    51 0.1367723E-06
    18    52 0.1338293E-04
    18    53 0.2946189E-10
    18    54 0.4588405E-11
    19    49 0.9596709E-10
    19    50 0.3479179E-09
    19    51 0.5360783E-05
    19    52 0.1026527E-06
    19    53 0.3763934E-04
    19    54 0.4639899E-08
    19    55 0.6559861E-08
    19    56 0.1450426E-10
    19    57 0.1322540E-10
    20    51 0.4382636E-11
    20    52 0.6521788E-09
    20    53 0.2617566E-09
    20    54 0.4034611E-05
    20    55 0.1156896E-06
    20    56 0.8793792E-03
    20    57 0.1366839E-07
    20    58 0.1448588E-03
    20    59 0.4812902E-09
    20    60 0.2561340E-08
    20    61 0.1968813E-12
    21    53 0.1896323E-10
    21    54 0.8317258E-09
    21    55 0.1367736E-09
    21    56 0.8298954E-10
    21    57 0.1700786E-07
    21    58 0.7245615E-09
    21    59 0.7726528E-05
    21    60 0.7211406E-07
    21    61 0.2021832E-03
    21    62 0.2950433E-09
    21    63 0.5331619E-09
    22    56 0.1643114E-12
    22    58 0.3445288E-10
    22    59 0.2484925E-10
    22    60 0.2956607E-06
    22    61 0.1249286E-07
    22    62 0.5664523E-03
    22    63 0.2530322E-07
    22    64 0.1839592E-03
    22    65 0.9289358E-09
    22    66 0.1285156E-06
    22    67 0.7204329E-12
    22    68 0.6690739E-12
    23    61 0.4211494E-10
    23    62 0.8357228E-10
    23    63 0.1890066E-05
    23    64 0.5017456E-08
    23    65 0.1500324E-03
    23    66 0.7295647E-05
    23    67 0.2757739E-03
    23    68 0.5488883E-06
    23    69 0.7586695E-05
    23    70 0.4450522E-09
    23    71 0.2181271E-09
    24    62 0.7931703E-13
    24    63 0.2910395E-12
    24    64 0.3691126E-08
    24    65 0.4587363E-10
    24    66 0.1178584E-07
    24    67 0.9811319E-09
    24    68 0.4774923E-04
    24    69 0.1110197E-05
    24    70 0.1416886E-02
    24    71 0.4698008E-06
    24    72 0.6816935E-05
    24    73 0.1848014E-08
    24    74 0.3200282E-08
    25    67 0.2807999E-11
    25    68 0.2328166E-11
    25    69 0.1507375E-08
    25    70 0.5259270E-09
    25    71 0.1293724E-04
    25    72 0.5866797E-06
    25    73 0.2372896E-03
    25    74 0.2222669E-05
    25    75 0.6630226E-04
    25    76 0.1354456E-10
    26    70 0.1183641E-11
    26    71 0.1343477E-11
    26    72 0.1116793E-08
    26    73 0.3641752E-09
    26    74 0.8176082E-05
    26    75 0.1192579E-05
    26    76 0.1910426E-02
    26    77 0.5448776E-09
    26    78 0.1130161E-10
    27    73 0.3276444E-12
    27    74 0.2993247E-11
    27    75 0.5575208E-08
    27    76 0.2274770E-07
    27    77 0.2515887E-03
    27    78 0.8635684E-08
    27    79 0.6777781E-09
    28    76 0.2822272E-10
    28    77 0.2825148E-09
    28    78 0.2393917E-02
    28    79 0.1034260E-07
    28    80 0.9263064E-06
    28    81 0.9635517E-12
    28    82 0.8700110E-12
    29    77 0.1814715E-12
    29    78 0.4244967E-10
    29    79 0.9134730E-04
    29    80 0.6658258E-06
    29    81 0.1728260E-04
    29    82 0.5898412E-08
    29    83 0.1332260E-07
    29    84 0.5080779E-12
    30    78 0.1490345E-12
    30    79 0.7025945E-11
    30    80 0.2739546E-04
    30    81 0.4639578E-05
    30    82 0.1925556E-02
    30    83 0.1345252E-04
    30    84 0.1477454E-02
    30    85 0.7057389E-06
    30    86 0.8841832E-05
    30    87 0.3056547E-10
    30    88 0.3213085E-11
    31    81 0.4455084E-10
    31    82 0.1112792E-09
    31    83 0.5606272E-06
    31    84 0.7612067E-07
    31    85 0.1845498E-03
    31    86 0.1550231E-05
    31    87 0.1101443E-03
    31    88 0.6315840E-07
    31    89 0.1769850E-06
    31    90 0.1401223E-10
    31    91 0.5559648E-10
    32    84 0.3600069E-09
    32    85 0.7444260E-09
    32    86 0.1420886E-04
    32    87 0.2264104E-05
    32    88 0.2579758E-02
    32    89 0.2307839E-04
    32    90 0.2734925E-02
    32    91 0.2294207E-05
    32    92 0.7455787E-04
    32    93 0.5725159E-07
    32    94 0.1819307E-06
    32    95 0.3173450E-11
    32    96 0.3852584E-12
    33    87 0.4040047E-10
    33    88 0.6823684E-10
    33    89 0.1178671E-05
    33    90 0.2327631E-06
    33    91 0.4510329E-03
    33    92 0.7942496E-05
    33    93 0.1020841E-02
    33    94 0.1890816E-04
    33    95 0.3791000E-03
    33    96 0.1642524E-06
    33    97 0.1127297E-06
    33    98 0.1832863E-10
    33    99 0.5655719E-11
    34    90 0.3800556E-10
    34    91 0.2358513E-10
    34    92 0.1659176E-06
    34    93 0.2738031E-07
    34    94 0.3417911E-03
    34    95 0.3088296E-04
    34    96 0.1376926E-01
    34    97 0.4092490E-04
    34    98 0.5789049E-03
    34    99 0.8015701E-06
    34   100 0.2347436E-04
    34   101 0.9433135E-08
    34   102 0.3942657E-08
    34   103 0.4201638E-12
    35    93 0.8986162E-12
    35    94 0.4609091E-11
    35    95 0.1128911E-06
    35    96 0.2130099E-06
    35    97 0.1093430E-02
    35    98 0.4552906E-04
    35    99 0.3355581E-02
    35   100 0.1026017E-03
    35   101 0.5643383E-02
    35   102 0.4474372E-04
    35   103 0.2333714E-03
    35   104 0.1701254E-06
    35   105 0.5114296E-07
    35   106 0.7945472E-12
    36    96 0.1092016E-10
    36    97 0.2495219E-10
    36    98 0.1024474E-06
    36    99 0.3389518E-07
    36   100 0.1338214E-03
    36   101 0.1470529E-04
    36   102 0.1215459E-01
    36   103 0.3455189E-03
    36   104 0.1145607E+00
    36   105 0.2061225E-03
    36   106 0.1090571E-02
    36   107 0.7636005E-07
    36   108 0.2324806E-08
    37    99 0.5622497E-12
    37   100 0.3266809E-11
    37   101 0.7234660E-08
    37   102 0.1644218E-07
    37   103 0.5465399E-04
    37   104 0.2854300E-04
    37   105 0.3192545E-01
    37   106 0.1314907E-02
    37   107 0.1815666E-01
    37   108 0.4255782E-04
    37   109 0.1122567E-04
    37   110 0.2720898E-09
    37   111 0.1627907E-12
    38   102 0.5005400E-11
    38   103 0.3656171E-10
    38   104 0.9363146E-07
    38   105 0.1828876E-06
    38   106 0.4066476E-02
    38   107 0.8096105E-03
    38   108 0.1496316E+00
    38   109 0.4397960E-03
    38   110 0.9995267E-03
    38   111 0.2085183E-06
    38   112 0.6624748E-08
    38   113 0.7452799E-10
    38   114 0.6792180E-09
    38   115 0.4858124E-12
    38   116 0.1855923E-12
    39   105 0.7364558E-11
    39   106 0.1131715E-09
    39   107 0.5201523E-05
    39   108 0.2145219E-04
    39   109 0.2436048E-01
    39   110 0.1241602E-02
    39   111 0.1840909E-01
    39   112 0.1278230E-04
    39   113 0.1168756E-03
    39   114 0.8355229E-06
    39   115 0.2614293E-04
    39   116 0.5341338E-06
    39   117 0.1204947E-05
    39   118 0.1344216E-08
    39   119 0.5554769E-09
    39   120 0.2637875E-09
    39   121 0.1726525E-09
    40   107 0.2830318E-11
    40   108 0.8210292E-09
    40   109 0.9751389E-09
    40   110 0.1477939E-05
    40   111 0.3165898E-06
    40   112 0.1733595E-03
    40   113 0.5107933E-06
    40   114 0.1841213E-03
    40   115 0.2966688E-04
    40   116 0.6452030E-02
    40   117 0.5176472E-03
    40   118 0.2240637E-01
    40   119 0.7166931E-04
    40   120 0.3523565E-03
    40   121 0.2873854E-02
    40   122 0.4380395E-01
    40   123 0.7457326E-09
    41   111 0.1577044E-11
    41   112 0.9161594E-12
    41   113 0.2318455E-10
    41   114 0.8182621E-11
    41   115 0.5227082E-09
    41   116 0.3610356E-09
    41   117 0.1059731E-06
    41   118 0.7744110E-07
    41   119 0.1678140E-04
    41   120 0.1500829E-05
    41   121 0.1933069E-04
    41   122 0.2716525E-02
    41   123 0.1863341E-01
    41   124 0.1760722E-07
    41   125 0.1481884E-11
    42   118 0.7033503E-11
    42   119 0.5753374E-11
    42   120 0.2478839E-08
    42   121 0.6555325E-09
    42   122 0.2683109E-07
    42   123 0.7076295E-04
    42   124 0.1899121E-01
    42   125 0.3098295E-07
    42   126 0.6226417E-11
    43   121 0.2561131E-11
    43   122 0.1197972E-10
    43   123 0.5138630E-09
    43   124 0.1671194E-05
    43   125 0.6322151E-02
    43   126 0.3982782E-07
    43   127 0.1481835E-09
    44   123 0.5612536E-11
    44   124 0.7812591E-09
    44   125 0.2162026E-06
    44   126 0.3088707E-02
    44   127 0.1506329E-06
    44   128 0.1242839E-08
    45   125 0.4891810E-11
    45   126 0.3198172E-08
    45   127 0.4396283E-03
    45   128 0.1161827E-06
    45   129 0.1482473E-07
    45   130 0.1601799E-12
    46   126 0.7846272E-11
    46   127 0.3518480E-09
    46   128 0.1186922E-03
    46   129 0.4403289E-06
    46   130 0.2295028E-06
    46   131 0.1012617E-10
    46   132 0.5205618E-12
    47   128 0.4271368E-11
    47   129 0.8138800E-05
    47   130 0.8610523E-07
    47   131 0.2336016E-05
    47   132 0.1229298E-08
    47   133 0.2594963E-09
    48   129 0.4507608E-12
    48   130 0.7014393E-06
    48   131 0.6995167E-07
    48   132 0.1358147E-05
    48   133 0.1289553E-08
    48   134 0.2200276E-08
    48   135 0.3217497E-12
    48   136 0.2022706E-12
    49   131 0.2244951E-09
    49   132 0.7534662E-09
    49   133 0.1478981E-06
    49   134 0.6222171E-09
    49   135 0.6535719E-08
    49   136 0.4822712E-11
    49   137 0.9596325E-11
    50   132 0.4150298E-11
    50   133 0.9696046E-11
    50   134 0.6864572E-08
    50   135 0.6878323E-10
    50   136 0.8150042E-08
    50   137 0.5262978E-10
    50   138 0.7698163E-09
    50   139 0.7957990E-12
    50   140 0.3387402E-11
    51   135 0.1744582E-11
    51   136 0.1199833E-11
    51   137 0.2334207E-09
    51   138 0.1273277E-11
    51   139 0.1126356E-09
    51   140 0.8327596E-12
    51   141 0.2472768E-10
    51   143 0.7647404E-12
    52   144 0.5670647E-12
    52   146 0.2965994E-11
    52   148 0.1334567E-11
     0     1 0.2086493E+00
     0     0 0.0000000E+00
