     1     1 6.7589999E-15
     1     2 1.2391525E-13
     1     3 6.2043237E-09
     2     3 8.5441085E-25
     2     4 1.7365313E-05
     2     6 5.1288066E-11
     3     7 2.9954596E-14
     3     8 3.2812998E-13
     3     9 3.5296562E-07
     4     8 7.9018562E-15
     4     9 2.4236334E-14
     4    10 1.7739294E-10
     4    11 5.1408781E-13
     4    12 1.8433239E-09
     5    11 5.7018042E-15
     5    12 1.5511534E-14
     5    13 8.3091868E-07
     5    14 2.1109767E-08
     6    10 5.6574608E-13
     6    12 9.0438695E-18
     6    13 9.6445349E-15
     6    14 6.8555894E-11
     6    15 1.1600511E-11
     6    16 2.0673442E-05
     6    17 6.2829584E-07
     7    14 7.1172490E-22
     7    15 1.2440407E-15
     7    16 4.8708155E-14
     7    17 2.4935364E-13
     7    18 2.5956546E-13
     7    19 1.4561181E-05
     7    20 1.1120089E-04
     8    16 1.3124805E-19
     8    17 3.3664239E-20
     8    18 1.7166698E-15
     8    19 8.6023256E-15
     8    20 7.9391249E-14
     8    21 5.8409736E-12
     8    22 9.6820722E-09
     9    19 1.5758568E-20
     9    20 5.8980948E-20
     9    21 3.9404235E-17
     9    22 3.3191139E-17
     9    23 1.9425130E-18
     9    24 6.5455059E-18
     9    25 2.1858040E-12
     9    26 1.7691237E-13
    10    21 8.9924177E-23
    10    22 3.1758889E-20
    10    23 1.2494858E-18
    10    24 1.4313081E-17
    10    25 1.5499914E-13
    10    26 2.3788765E-13
    10    27 1.5485615E-13
    10    28 8.6842736E-13
    10    29 6.5231975E-14
    10    30 1.7118800E-12
    10    31 2.2058454E-12
    10    32 9.5455038E-08
    10    33 5.7121136E-15
    10    34 2.3626379E-16
    11    25 1.1433252E-23
    11    26 1.4141405E-23
    11    27 6.8802187E-22
    11    28 6.3745778E-19
    11    29 2.4314447E-17
    11    30 2.2470959E-16
    11    31 1.9464138E-10
    11    32 5.0531381E-09
    11    33 1.2553078E-10
    11    34 9.6495178E-12
    11    35 2.9909896E-11
    11    36 5.4111716E-18
    11    37 8.7173326E-20
    12    28 8.5924545E-21
    12    29 1.9956428E-20
    12    30 1.3886685E-18
    12    31 1.2151564E-18
    12    32 9.8431985E-16
    12    33 8.1487645E-14
    12    34 9.3252710E-07
    12    35 3.6647845E-12
    12    36 1.1844482E-07
    12    37 1.0315970E-11
    12    38 1.3818582E-09
    12    39 1.7474551E-13
    12    40 3.1309376E-09
    13    32 7.5463193E-20
    13    33 1.3834027E-16
    13    34 2.0284968E-16
    13    35 1.2074889E-14
    13    36 1.0537064E-15
    13    37 2.5475785E-13
    13    38 3.0398131E-15
    13    39 1.3997944E-11
    13    40 1.8790042E-15
    13    41 1.3356937E-07
    13    42 3.9051370E-18
    13    43 5.5386914E-23
    13    45 4.3152938E-22
    14    34 5.0643467E-24
    14    35 2.5420704E-23
    14    36 1.8444051E-16
    14    37 3.3352851E-14
    14    38 2.8777605E-13
    14    39 5.3974618E-14
    14    40 9.3439321E-14
    14    41 3.0626342E-13
    14    42 7.5753404E-06
    14    43 1.1942685E-13
    14    44 1.2766308E-14
    14    45 3.1147089E-21
    14    46 2.2381967E-15
    15    37 5.7546318E-23
    15    38 3.3891767E-23
    15    39 3.6443370E-22
    15    40 8.6746341E-17
    15    41 3.5343943E-15
    15    42 1.3277289E-14
    15    43 5.7866777E-06
    15    44 8.5600389E-11
    15    45 9.5062795E-09
    15    46 7.5529863E-12
    15    47 6.6465467E-07
    15    48 8.9625200E-17
    15    49 5.0176040E-18
    16    40 2.9299219E-23
    16    41 2.4461632E-17
    16    42 2.7666956E-15
    16    43 1.5765431E-14
    16    44 5.5154368E-11
    16    45 3.3475238E-11
    16    46 1.1051205E-06
    16    47 8.3375015E-09
    16    48 1.8553057E-05
    16    49 2.3467044E-09
    16    50 1.8546427E-07
    16    51 1.8652536E-15
    16    52 1.7715790E-17
    17    43 2.5702467E-22
    17    44 7.6063796E-19
    17    45 9.0523881E-16
    17    46 2.8760386E-15
    17    47 3.8392628E-10
    17    48 8.3321476E-11
    17    49 3.6922942E-06
    17    50 3.1983509E-08
    17    51 1.1336958E-05
    17    52 3.8814157E-10
    17    53 2.6534268E-11
    17    54 1.8908933E-16
    17    55 3.3863282E-18
    17    56 6.4477966E-24
    18    45 1.0626335E-23
    18    46 5.3581671E-21
    18    47 9.2885478E-17
    18    48 6.8210204E-14
    18    49 9.0643206E-15
    18    50 1.4101578E-10
    18    51 2.9484143E-11
    18    52 1.8833118E-06
    18    53 2.7850565E-09
    18    54 2.8561195E-07
    18    55 1.0077566E-08
    18    56 1.3993320E-05
    18    57 1.6850691E-11
    18    58 2.2407546E-12
    18    59 1.6175264E-17
    18    60 4.7272994E-18
    18    61 2.7387710E-23
    18    62 6.0876278E-23
    19    49 7.5617919E-21
    19    50 8.2344109E-19
    19    51 4.1824843E-16
    19    52 1.8659821E-15
    19    53 2.0932730E-10
    19    54 1.7191145E-11
    19    55 1.5980881E-08
    19    56 2.3467614E-08
    19    57 1.4077646E-05
    19    58 1.9310151E-08
    19    59 5.9154007E-06
    19    60 2.3036429E-09
    19    61 6.9532220E-08
    19    62 2.9150686E-12
    19    63 6.6239068E-13
    19    64 5.7792844E-23
    20    51 4.0971534E-23
    20    52 3.2727791E-19
    20    53 6.8921945E-19
    20    54 5.0493752E-16
    20    55 6.7588784E-15
    20    56 1.3429012E-11
    20    57 1.0144702E-13
    20    58 3.4362835E-07
    20    59 7.6545318E-10
    20    60 2.6730859E-06
    20    61 1.3744667E-07
    20    62 7.3939160E-06
    20    63 2.5062508E-11
    20    64 6.1759033E-10
    20    65 2.5339921E-15
    20    66 3.3381326E-15
    20    67 6.2103217E-21
    20    68 6.3978620E-22
    21    54 1.7959385E-23
    21    55 1.6676763E-21
    21    56 2.9751786E-19
    21    57 2.5444971E-16
    21    58 2.2152992E-16
    21    59 3.4753212E-13
    21    60 2.1099362E-12
    21    61 3.8643405E-06
    21    62 3.7898701E-09
    21    63 4.4959004E-06
    21    64 6.1224702E-08
    21    65 7.3546221E-06
    21    66 6.7584657E-09
    21    67 7.3565356E-08
    21    68 1.2565229E-11
    21    69 8.2668980E-12
    21    70 2.4327078E-16
    21    71 5.4225909E-18
    22    58 9.1274249E-19
    22    59 4.5838600E-16
    22    60 2.2770647E-14
    22    61 6.8840276E-15
    22    62 7.1769921E-12
    22    63 1.9767959E-13
    22    64 1.4620265E-08
    22    65 4.9520630E-11
    22    66 4.5043535E-06
    22    67 1.6943397E-08
    22    68 1.0335138E-05
    22    69 9.2117403E-09
    22    70 8.3123023E-07
    22    71 3.0114451E-10
    22    72 2.3029217E-09
    22    73 2.5753554E-17
    22    74 8.3293131E-20
    23    61 5.5336224E-22
    23    62 5.3069195E-21
    23    63 6.7061806E-17
    23    64 7.0060968E-17
    23    65 1.4278584E-14
    23    66 5.8140190E-15
    23    67 4.9976257E-11
    23    68 6.5774708E-11
    23    69 5.9511433E-07
    23    70 2.3317997E-08
    23    71 7.5211473E-06
    23    72 2.1482913E-07
    23    73 4.7651825E-06
    23    74 9.8626407E-12
    23    75 3.0771688E-14
    23    76 8.5071687E-22
    24    64 2.3588616E-22
    24    65 1.5639089E-21
    24    66 4.4274210E-18
    24    67 2.3674080E-16
    24    68 9.1058109E-15
    24    69 1.7996608E-14
    24    70 5.3067775E-11
    24    71 1.1531774E-11
    24    72 1.0691707E-07
    24    73 1.9356755E-08
    24    74 2.1985477E-05
    24    75 7.2368892E-11
    24    76 2.2187596E-11
    24    77 6.7958093E-18
    24    78 1.2269507E-19
    25    68 9.4577910E-23
    25    69 2.0317632E-20
    25    70 1.2203446E-18
    25    71 4.7765952E-16
    25    72 3.1892903E-15
    25    73 1.3223083E-10
    25    74 8.1942584E-10
    25    75 1.6005634E-05
    25    76 2.2007466E-09
    25    77 5.9770047E-10
    25    78 5.9472404E-15
    25    79 2.2879146E-16
    25    80 2.2006303E-22
    26    71 3.3551845E-22
    26    72 3.9574598E-17
    26    73 9.5020519E-15
    26    74 1.2737452E-12
    26    75 9.3743061E-11
    26    76 9.7277603E-05
    26    77 1.8674220E-08
    26    78 2.5591200E-07
    26    79 2.5800965E-11
    26    80 4.3159986E-12
    26    81 7.8536688E-18
    26    82 1.1611645E-18
    27    73 3.1887168E-20
    27    74 2.2167981E-16
    27    75 3.3873958E-14
    27    76 4.3853207E-12
    27    77 3.1693242E-05
    27    78 7.2689685E-07
    27    79 3.7663190E-05
    27    80 3.0451808E-08
    27    81 8.8803137E-08
    27    82 4.9460354E-12
    27    83 3.6402047E-12
    27    84 6.3230706E-18
    27    85 1.8180364E-20
    28    75 8.7148967E-19
    28    76 4.3567575E-15
    28    77 3.3340508E-14
    28    78 2.4039071E-06
    28    79 6.9641254E-09
    28    80 4.0861980E-04
    28    81 2.8573586E-07
    28    82 1.6950314E-04
    28    83 8.9485213E-10
    28    84 1.8884242E-08
    28    85 5.0495480E-13
    28    86 3.5538904E-14
    28    87 1.5845692E-18
    28    88 2.7663118E-18
    28    89 3.9063618E-23
    29    77 2.1731616E-19
    29    78 2.6387119E-17
    29    79 2.5406808E-12
    29    80 1.1768837E-11
    29    81 1.9963099E-07
    29    82 4.5416139E-08
    29    83 6.7339296E-05
    29    84 1.7169180E-06
    29    85 1.5608282E-04
    29    86 2.6699206E-07
    29    87 1.3438951E-07
    29    88 1.2415354E-10
    29    89 5.2324653E-09
    29    90 8.6638660E-13
    29    91 3.1453946E-13
    29    92 2.1563326E-17
    29    93 3.2347687E-18
    30    79 1.6526923E-19
    30    80 1.0334965E-16
    30    81 3.0646840E-15
    30    82 2.2854469E-13
    30    83 4.7302408E-13
    30    84 3.2220765E-08
    30    85 1.0269034E-08
    30    86 8.4189274E-05
    30    87 1.9549752E-07
    30    88 1.3538224E-05
    30    89 3.1934849E-08
    30    90 1.3181146E-05
    30    91 6.9961841E-09
    30    92 3.2878119E-08
    30    93 7.0062718E-11
    30    94 1.3882086E-10
    30    95 7.9977877E-16
    30    96 1.1696065E-17
    30    97 4.3040898E-23
    31    82 1.1637318E-21
    31    83 4.3462694E-18
    31    84 5.9429904E-17
    31    85 4.2472351E-14
    31    86 1.7789543E-14
    31    87 6.7336190E-11
    31    88 2.5497536E-11
    31    89 4.6807833E-08
    31    90 2.4755246E-09
    31    91 6.4404670E-06
    31    92 2.5665589E-07
    31    93 1.9365297E-05
    31    94 9.6992196E-08
    31    95 2.0353999E-07
    31    96 1.9959015E-11
    31    97 7.6751711E-12
    31    98 1.1666251E-15
    31    99 3.8017060E-16
    31   100 4.4369404E-20
    31   101 2.8214629E-21
    32    85 4.0118511E-23
    32    86 2.8978651E-20
    32    87 2.8993709E-19
    32    88 2.1077891E-16
    32    89 6.3645302E-16
    32    90 1.7812889E-12
    32    91 9.3274797E-13
    32    92 1.9449801E-08
    32    93 9.9456595E-09
    32    94 2.0732563E-05
    32    95 2.4220656E-07
    32    96 1.9367193E-05
    32    97 2.4487112E-08
    32    98 5.6252690E-07
    32    99 9.2318442E-10
    32   100 8.9954669E-09
    32   101 5.7781080E-12
    32   102 2.9417641E-12
    32   103 9.7676423E-18
    32   104 6.4707965E-20
    33    89 1.2976946E-22
    33    90 2.3427306E-21
    33    91 1.1022752E-17
    33    92 4.7967701E-17
    33    93 4.6982091E-14
    33    94 4.5673079E-13
    33    95 5.8096752E-09
    33    96 1.6766860E-09
    33    97 7.5672729E-07
    33    98 8.2074200E-08
    33    99 1.6671741E-05
    33   100 9.0455759E-07
    33   101 1.3923538E-05
    33   102 1.5103539E-07
    33   103 8.2710254E-07
    33   104 6.7972244E-11
    33   105 3.5743967E-12
    33   106 1.8427127E-16
    33   107 3.8135917E-18
    33   108 9.4914264E-23
    34    92 2.4405168E-22
    34    93 2.3939953E-20
    34    94 5.1568952E-18
    34    95 2.6868103E-17
    34    96 8.9597487E-15
    34    97 5.3947454E-15
    34    98 5.4167592E-12
    34    99 4.7327286E-12
    34   100 8.9334075E-08
    34   101 2.3925780E-08
    34   102 6.5779627E-06
    34   103 4.6810598E-07
    34   104 2.6537250E-05
    34   105 1.2197488E-08
    34   106 9.0018855E-09
    34   107 2.6451670E-12
    34   108 1.0325214E-12
    34   109 4.4579708E-17
    34   110 1.2559870E-18
    34   111 1.4091484E-22
    35    97 2.0758372E-20
    35    98 5.2347958E-19
    35    99 1.0597659E-16
    35   100 6.3742217E-16
    35   101 1.8024046E-11
    35   102 9.4655822E-11
    35   103 3.2373081E-07
    35   104 1.5705929E-07
    35   105 3.1093794E-05
    35   106 3.2316888E-07
    35   107 1.1361138E-06
    35   108 2.7195897E-09
    35   109 8.8997443E-10
    35   110 8.2381819E-15
    35   111 9.3085062E-16
    35   112 6.2312837E-16
    35   113 2.0745761E-16
    35   114 4.7277085E-20
    35   115 4.2149302E-21
    35   116 2.9268021E-20
    35   117 1.9289200E-22
    36    99 5.6194338E-23
    36   100 8.8179893E-20
    36   101 4.7108993E-18
    36   102 2.6779795E-15
    36   103 3.5900615E-14
    36   104 7.5089419E-09
    36   105 8.9900255E-09
    36   106 3.1165703E-05
    36   107 1.4576424E-06
    36   108 2.9299602E-05
    36   109 2.6542062E-07
    36   110 9.8109627E-09
    36   111 4.1902922E-12
    36   112 1.8306077E-11
    36   113 3.5094096E-10
    36   114 1.6409252E-09
    36   115 1.7336095E-12
    36   116 9.1306129E-12
    36   117 4.5806108E-11
    36   118 1.3126797E-11
    36   119 6.9997750E-19
    37   102 8.9073823E-21
    37   103 1.7191412E-18
    37   104 1.1573401E-16
    37   105 4.7545916E-14
    37   106 4.3269651E-13
    37   107 3.8146536E-09
    37   108 5.9360545E-09
    37   109 1.0315140E-06
    37   110 1.6712031E-08
    37   111 6.6481515E-09
    37   112 2.0573390E-10
    37   113 4.3726494E-07
    37   114 3.0563477E-07
    37   115 6.3279730E-06
    37   116 1.5983716E-07
    37   117 3.2600027E-06
    37   118 6.5651650E-05
    37   119 2.0197615E-04
    37   120 6.7634017E-11
    37   121 1.4958014E-15
    38   104 4.7818352E-23
    38   105 2.1739868E-20
    38   106 8.1851160E-18
    38   107 2.4153742E-16
    38   108 7.2804460E-15
    38   109 1.1430713E-15
    38   110 8.0883341E-14
    38   111 6.4438635E-15
    38   112 1.1186760E-14
    38   113 8.0208285E-15
    38   114 2.0384612E-12
    38   115 9.2408030E-13
    38   116 2.2355933E-10
    38   117 9.1823674E-12
    38   118 3.0140982E-09
    38   119 1.8915945E-07
    38   120 2.1070740E-05
    38   121 1.7009892E-11
    38   122 2.4714535E-15
    38   123 1.5394917E-22
    39   109 5.0222076E-23
    39   110 2.0494535E-23
    39   111 6.5166065E-22
    39   112 7.8227885E-23
    39   113 8.9035950E-21
    39   114 6.7924736E-21
    39   115 5.9862910E-17
    39   116 7.9720259E-16
    39   117 1.1776323E-12
    39   118 8.7144019E-13
    39   119 2.3663616E-10
    39   120 7.3911890E-08
    39   121 3.1787859E-05
    39   122 3.5578355E-10
    39   123 2.6588366E-13
    39   124 1.4977534E-19
    40   115 5.0378491E-22
    40   116 2.2680882E-20
    40   117 7.8642016E-19
    40   118 1.9206334E-14
    40   119 3.9338800E-14
    40   120 7.2526600E-13
    40   121 3.4345391E-09
    40   122 3.4287735E-05
    40   123 3.9497794E-10
    40   124 3.5320438E-12
    40   125 3.2141567E-18
    40   126 1.9239009E-21
    41   117 1.3041275E-23
    41   118 1.0585051E-22
    41   119 1.3725222E-17
    41   120 7.2783587E-16
    41   121 1.0739067E-13
    41   122 9.0867665E-09
    41   123 4.0857606E-05
    41   124 2.5963062E-08
    41   125 1.4555687E-09
    41   126 9.2090149E-15
    41   127 2.2750986E-17
    42   119 1.7439033E-23
    42   120 8.0457091E-18
    42   121 1.2952554E-15
    42   122 1.3834206E-14
    42   123 4.5634393E-10
    42   124 7.9824721E-05
    42   125 8.7582647E-08
    42   126 1.1685986E-08
    42   127 4.2437145E-13
    42   128 8.7453476E-15
    42   129 2.6272255E-22
    43   121 2.3170369E-20
    43   122 7.1215335E-17
    43   123 1.1826993E-15
    43   124 2.6883154E-11
    43   125 6.6153684E-05
    43   126 2.7937891E-07
    43   127 6.8900817E-07
    43   128 1.0614581E-10
    43   129 2.8122500E-12
    43   130 6.1460821E-18
    43   131 1.2748346E-19
    44   122 2.5876075E-21
    44   123 8.7009776E-17
    44   124 1.1681429E-14
    44   125 2.0046717E-11
    44   126 1.9235340E-04
    44   127 6.2790524E-06
    44   128 3.4222072E-05
    44   129 3.7189498E-08
    44   130 3.6830275E-08
    44   131 5.5111810E-14
    44   132 4.5158280E-15
    44   133 5.5623930E-19
    44   134 9.3252265E-20
    44   135 4.6329336E-23
    44   136 1.8801786E-23
    45   124 6.8823964E-20
    45   125 4.5089888E-16
    45   126 1.3470584E-13
    45   127 1.1484214E-05
    45   128 2.0249174E-06
    45   129 1.7041197E-04
    45   130 1.2321039E-06
    45   131 4.4506866E-07
    45   132 6.6121371E-11
    45   133 3.3269406E-11
    45   134 3.5766559E-14
    45   135 2.2540505E-14
    45   136 4.3521107E-17
    45   137 5.5184324E-17
    45   138 7.4728239E-20
    45   139 1.3467175E-20
    46   125 6.4848415E-19
    46   126 3.1432612E-16
    46   127 2.3912131E-14
    46   128 1.0237366E-06
    46   129 2.5270740E-06
    46   130 8.6501360E-04
    46   131 2.5540656E-05
    46   132 8.6519731E-04
    46   133 3.7690292E-08
    46   134 8.5577000E-08
    46   135 2.0229370E-10
    46   136 1.0785216E-09
    46   137 3.3538801E-12
    46   138 2.5126070E-11
    46   139 1.2080254E-13
    46   140 3.0883610E-13
    46   141 2.5831563E-16
    46   142 1.5470531E-16
    46   143 4.7740155E-20
    46   144 6.7250396E-21
    47   127 4.4698724E-19
    47   128 4.4830668E-16
    47   129 1.7510858E-10
    47   130 1.2243713E-09
    47   131 2.1799991E-05
    47   132 7.6397746E-06
    47   133 1.0621295E-03
    47   134 4.9125878E-07
    47   135 1.3009024E-05
    47   136 6.8657179E-08
    47   137 2.1356919E-06
    47   138 9.0511569E-09
    47   139 1.0792822E-07
    47   140 5.3343760E-09
    47   141 5.0764453E-08
    47   142 3.1616812E-10
    47   143 4.7330132E-10
    47   144 1.4151124E-12
    47   145 5.8267405E-13
    47   146 8.3373197E-16
    47   147 1.5880296E-16
    47   148 5.2014581E-20
    47   149 2.5745951E-21
    48   128 1.4251765E-21
    48   129 2.1517395E-16
    48   130 5.7086271E-13
    48   131 3.6102590E-11
    48   132 4.4564348E-07
    48   133 2.8193135E-07
    48   134 3.1554876E-04
    48   135 3.0813348E-05
    48   136 1.2728039E-02
    48   137 9.3896660E-06
    48   138 3.8852229E-04
    48   139 1.2305746E-06
    48   140 5.4168089E-05
    48   141 7.3721207E-06
    48   142 6.4290758E-04
    48   143 9.8385636E-06
    48   144 1.2646502E-04
    48   145 8.7897658E-07
    48   146 3.2604939E-06
    48   147 9.0347839E-09
    48   148 1.7758046E-08
    48   149 1.5230266E-11
    48   150 4.0432515E-12
    48   151 5.4822607E-16
    48   152 1.1579632E-17
    48   153 1.8251868E-22
    49   130 1.2051258E-20
    49   131 3.7625276E-17
    49   132 5.0596658E-15
    49   133 5.9009055E-13
    49   134 1.3676817E-12
    49   135 6.7419101E-09
    49   136 3.3074638E-09
    49   137 4.3205716E-06
    49   138 5.2809624E-08
    49   139 3.2352348E-05
    49   140 7.5867158E-07
    49   141 8.0168610E-06
    49   142 3.9766299E-06
    49   143 8.9436499E-04
    49   144 7.4003460E-05
    49   145 4.0070160E-03
    49   146 1.8247972E-04
    49   147 1.8771165E-03
    49   148 5.1772504E-05
    49   149 2.3671275E-04
    49   150 1.5385987E-06
    49   151 1.0537344E-06
    49   152 9.1852969E-10
    49   153 5.9951514E-11
    49   154 1.5116700E-14
    49   155 4.4351056E-16
    49   156 4.1382016E-20
    49   157 6.0069044E-22
    50   132 9.3074786E-22
    50   133 1.0395841E-18
    50   134 1.1735341E-16
    50   135 7.2016921E-16
    50   136 1.5223547E-14
    50   137 4.0973083E-14
    50   138 1.3391588E-12
    50   139 7.3950418E-13
    50   140 1.7523327E-09
    50   141 2.0237592E-11
    50   142 3.0368249E-08
    50   143 7.5394736E-10
    50   144 6.2175624E-07
    50   145 1.8303672E-07
    50   146 4.7800217E-05
    50   147 6.6699582E-06
    50   148 3.4473239E-04
    50   149 2.4835803E-05
    50   150 9.2751355E-04
    50   151 1.9631659E-05
    50   152 9.7989046E-05
    50   153 2.6335707E-07
    50   154 1.2730284E-07
    50   155 6.9624164E-11
    50   156 1.3004939E-11
    50   157 3.1440760E-15
    50   158 1.3598751E-16
    50   159 2.6912400E-20
    50   160 2.3598093E-21
    51   137 3.6706556E-22
    51   138 9.6238818E-22
    51   139 1.1133529E-19
    51   140 9.9823142E-20
    51   141 1.8352702E-17
    51   142 8.4679492E-18
    51   143 1.3309431E-15
    51   144 4.6188332E-15
    51   145 2.2376724E-11
    51   146 8.2150190E-11
    51   147 1.4157822E-07
    51   148 1.1088183E-07
    51   149 2.9383474E-05
    51   150 1.0932390E-05
    51   151 8.3617826E-04
    51   152 9.2506949E-05
    51   153 1.8118583E-03
    51   154 3.5015877E-05
    51   155 5.3802389E-05
    51   156 2.1585441E-07
    51   157 1.1115226E-07
    51   158 1.2869947E-10
    51   159 1.6402621E-11
    51   160 1.8707764E-14
    51   161 1.8708157E-15
    51   162 4.2340462E-19
    51   163 1.8533607E-20
    52   143 2.0318952E-22
    52   144 1.6488694E-19
    52   145 5.5817674E-18
    52   146 4.6241080E-16
    52   147 4.6378957E-15
    52   148 2.8332665E-12
    52   149 1.1488602E-11
    52   150 2.2640130E-08
    52   151 1.7796782E-08
    52   152 3.6363300E-04
    52   153 4.7324902E-06
    52   154 6.1774486E-04
    52   155 7.1785316E-05
    52   156 7.6335776E-04
    52   157 7.1568770E-06
    52   158 1.7985910E-05
    52   159 6.2601046E-08
    52   160 4.3545734E-08
    52   161 7.6084673E-11
    52   162 4.4332617E-11
    52   163 4.1310762E-14
    52   164 7.7411187E-15
    52   165 2.5422835E-18
    52   166 3.4584513E-19
    52   167 1.9429716E-22
    53   147 5.0736882E-22
    53   148 4.9887786E-20
    53   149 1.1691917E-16
    53   150 3.6381361E-15
    53   151 8.4290580E-13
    53   152 8.8295033E-12
    53   153 1.5252366E-08
    53   154 6.7401585E-08
    53   155 2.8613123E-05
    53   156 3.1120588E-05
    53   157 1.5504335E-03
    53   158 7.9913518E-05
    53   159 7.1744771E-04
    53   160 1.5094513E-05
    53   161 4.8510016E-05
    53   162 5.1947682E-07
    53   163 8.3910978E-07
    53   164 2.8184081E-09
    53   165 7.3841519E-10
    53   166 1.3475490E-12
    53   167 3.4681014E-13
    53   168 7.2343393E-16
    53   169 6.3168815E-17
    53   170 5.5961953E-20
    53   171 7.1584879E-21
    54   150 3.1906495E-21
    54   151 3.8312181E-19
    54   152 3.5391167E-16
    54   153 1.6088267E-14
    54   154 4.1463294E-10
    54   155 1.0227572E-08
    54   156 4.0362883E-05
    54   157 7.4736844E-05
    54   158 1.7317071E-02
    54   159 2.8718634E-03
    54   160 1.2466355E-01
    54   161 9.7822718E-03
    54   162 1.5994826E-01
    54   163 3.3173400E-03
    54   164 3.0080547E-02
    54   165 2.6410776E-04
    54   166 2.7929169E-02
    54   167 3.1063591E-06
    54   168 1.4479451E-06
    54   169 8.3334354E-09
    54   170 4.0133311E-09
    54   171 5.2636895E-12
    54   172 6.5706393E-13
    54   173 5.8620444E-16
    54   174 5.1282571E-17
    54   175 2.0792918E-20
    54   176 4.2790611E-21
     0     1 5.8784259E-01
     0     0 0.0000000E+00
