 Conditions from Janka et al nsns150738ex
 Start Time=  0.182200E-01  Stop Time=  0.383756E-01 Init Del t=  0.100000E-11
 0.182300E-01   11.280832 0.768940E+08 0.100000E+09
 0.182400E-01   11.223904 0.757357E+08 0.100000E+09
 0.182500E-01   11.167617 0.745949E+08 0.100000E+09
 0.182600E-01   11.111552 0.734713E+08 0.100000E+09
 0.182700E-01   11.055885 0.723646E+08 0.100000E+09
 0.182800E-01   11.000499 0.712745E+08 0.100000E+09
 0.182900E-01   10.945388 0.702009E+08 0.100000E+09
 0.183000E-01   10.890841 0.691435E+08 0.100000E+09
 0.183100E-01   10.836452 0.681020E+08 0.100000E+09
 0.183200E-01   10.782164 0.670762E+08 0.100000E+09
 0.183300E-01   10.728148 0.660658E+08 0.100000E+09
 0.183400E-01   10.674627 0.650707E+08 0.100000E+09
 0.183500E-01   10.621149 0.640905E+08 0.100000E+09
 0.183600E-01   10.567995 0.631251E+08 0.100000E+09
 0.183700E-01   10.515024 0.621742E+08 0.100000E+09
 0.183800E-01   10.462318 0.612377E+08 0.100000E+09
 0.183900E-01   10.409686 0.603153E+08 0.100000E+09
 0.184000E-01   10.357371 0.594068E+08 0.100000E+09
 0.184100E-01   10.305212 0.585119E+08 0.100000E+09
 0.184200E-01   10.253208 0.576306E+08 0.100000E+09
 0.184300E-01   10.201466 0.567625E+08 0.100000E+09
 0.184400E-01   10.149665 0.559075E+08 0.100000E+09
 0.184500E-01   10.098286 0.550653E+08 0.100000E+09
 0.184600E-01   10.046982 0.542359E+08 0.100000E+09
 0.184700E-01    9.995887 0.534189E+08 0.100000E+09
 0.184800E-01    9.944920 0.526143E+08 0.100000E+09
 0.184900E-01    9.894108 0.518217E+08 0.100000E+09
 0.185000E-01    9.843557 0.510411E+08 0.100000E+09
 0.185100E-01    9.793109 0.502723E+08 0.100000E+09
 0.185200E-01    9.742766 0.495151E+08 0.100000E+09
 0.185300E-01    9.692681 0.487692E+08 0.100000E+09
 0.185400E-01    9.642651 0.480346E+08 0.100000E+09
 0.185500E-01    9.592980 0.473111E+08 0.100000E+09
 0.185600E-01    9.543363 0.465984E+08 0.100000E+09
 0.185700E-01    9.493954 0.458965E+08 0.100000E+09
 0.185800E-01    9.444750 0.452052E+08 0.100000E+09
 0.185900E-01    9.395751 0.445242E+08 0.100000E+09
 0.186000E-01    9.346810 0.438536E+08 0.100000E+09
 0.186100E-01    9.298221 0.431930E+08 0.100000E+09
 0.186200E-01    9.249690 0.425424E+08 0.100000E+09
 0.186300E-01    9.201217 0.419016E+08 0.100000E+09
 0.186400E-01    9.153433 0.412704E+08 0.100000E+09
 0.186500E-01    9.105512 0.406488E+08 0.100000E+09
 0.186600E-01    9.057651 0.400365E+08 0.100000E+09
 0.186700E-01    9.010136 0.394334E+08 0.100000E+09
 0.186800E-01    8.962870 0.388394E+08 0.100000E+09
 0.186900E-01    8.915851 0.382544E+08 0.100000E+09
 0.187000E-01    8.869267 0.376781E+08 0.100000E+09
 0.187100E-01    8.822272 0.371106E+08 0.100000E+09
 0.187200E-01    8.775897 0.365516E+08 0.100000E+09
 0.187300E-01    8.729582 0.360010E+08 0.100000E+09
 0.187400E-01    8.683694 0.354587E+08 0.100000E+09
 0.187500E-01    8.637772 0.349246E+08 0.100000E+09
 0.187600E-01    8.592093 0.343986E+08 0.100000E+09
 0.187700E-01    8.546746 0.338804E+08 0.100000E+09
 0.187800E-01    8.501682 0.333701E+08 0.100000E+09
 0.187900E-01    8.456676 0.328674E+08 0.100000E+09
 0.188000E-01    8.412042 0.323723E+08 0.100000E+09
 0.188100E-01    8.367466 0.318847E+08 0.100000E+09
 0.188200E-01    8.323389 0.314044E+08 0.100000E+09
 0.188300E-01    8.279282 0.309314E+08 0.100000E+09
 0.188400E-01    8.235408 0.304655E+08 0.100000E+09
 0.188500E-01    8.191852 0.300066E+08 0.100000E+09
 0.188600E-01    8.148354 0.295546E+08 0.100000E+09
 0.188700E-01    8.105344 0.291094E+08 0.100000E+09
 0.188800E-01    8.062218 0.286709E+08 0.100000E+09
 0.188900E-01    8.019577 0.282390E+08 0.100000E+09
 0.189000E-01    7.976991 0.278137E+08 0.100000E+09
 0.189100E-01    7.934883 0.273947E+08 0.100000E+09
 0.189200E-01    7.892830 0.269821E+08 0.100000E+09
 0.189300E-01    7.850999 0.265756E+08 0.100000E+09
 0.189400E-01    7.809223 0.261753E+08 0.100000E+09
 0.189500E-01    7.768000 0.257811E+08 0.100000E+09
 0.189600E-01    7.726665 0.253927E+08 0.100000E+09
 0.189700E-01    7.685794 0.250102E+08 0.100000E+09
 0.189800E-01    7.644976 0.246335E+08 0.100000E+09
 0.189900E-01    7.604537 0.242624E+08 0.100000E+09
 0.190000E-01    7.564351 0.238970E+08 0.100000E+09
 0.190100E-01    7.524257 0.235370E+08 0.100000E+09
 0.190200E-01    7.484336 0.231825E+08 0.100000E+09
 0.190300E-01    7.444665 0.228333E+08 0.100000E+09
 0.190400E-01    7.405204 0.224893E+08 0.100000E+09
 0.190500E-01    7.366069 0.221506E+08 0.100000E+09
 0.190600E-01    7.326907 0.218169E+08 0.100000E+09
 0.190700E-01    7.316954 0.214883E+08 0.100000E+09
 0.190800E-01    7.303129 0.211646E+08 0.100000E+09
 0.190900E-01    7.238526 0.208458E+08 0.100000E+09
 0.191000E-01    7.224940 0.205318E+08 0.100000E+09
 0.191100E-01    7.177523 0.202226E+08 0.100000E+09
 0.191200E-01    7.146905 0.199179E+08 0.100000E+09
 0.191300E-01    7.116638 0.196179E+08 0.100000E+09
 0.191400E-01    7.072706 0.193224E+08 0.100000E+09
 0.191500E-01    7.041861 0.190314E+08 0.100000E+09
 0.191600E-01    7.006436 0.187447E+08 0.100000E+09
 0.191700E-01    6.974068 0.184623E+08 0.100000E+09
 0.191800E-01    6.940123 0.181842E+08 0.100000E+09
 0.191900E-01    6.907730 0.179103E+08 0.100000E+09
 0.192000E-01    6.875125 0.176405E+08 0.100000E+09
 0.192100E-01    6.841660 0.173748E+08 0.100000E+09
 0.192200E-01    6.805694 0.171131E+08 0.100000E+09
 0.192300E-01    6.771493 0.168553E+08 0.100000E+09
 0.192400E-01    6.740919 0.166014E+08 0.100000E+09
 0.192500E-01    6.708993 0.163514E+08 0.100000E+09
 0.192600E-01    6.672880 0.161051E+08 0.100000E+09
 0.192700E-01    6.641451 0.158625E+08 0.100000E+09
 0.192800E-01    6.607133 0.156235E+08 0.100000E+09
 0.192900E-01    6.573686 0.153882E+08 0.100000E+09
 0.193000E-01    6.541411 0.151564E+08 0.100000E+09
 0.193100E-01    6.503792 0.149281E+08 0.100000E+09
 0.193200E-01    6.473606 0.147033E+08 0.100000E+09
 0.193300E-01    6.438112 0.144818E+08 0.100000E+09
 0.193400E-01    6.404708 0.142636E+08 0.100000E+09
 0.193500E-01    6.376027 0.140488E+08 0.100000E+09
 0.193600E-01    6.340095 0.138372E+08 0.100000E+09
 0.193700E-01    6.306933 0.136287E+08 0.100000E+09
 0.193800E-01    6.275936 0.134235E+08 0.100000E+09
 0.193900E-01    6.242448 0.132213E+08 0.100000E+09
 0.194000E-01    6.211538 0.130221E+08 0.100000E+09
 0.194100E-01    6.179211 0.128260E+08 0.100000E+09
 0.194200E-01    6.146044 0.126328E+08 0.100000E+09
 0.194300E-01    6.117973 0.124425E+08 0.100000E+09
 0.194400E-01    6.083171 0.122550E+08 0.100000E+09
 0.194500E-01    6.052217 0.120704E+08 0.100000E+09
 0.194600E-01    6.017340 0.118886E+08 0.100000E+09
 0.194700E-01    5.989480 0.117096E+08 0.100000E+09
 0.194800E-01    5.957519 0.115332E+08 0.100000E+09
 0.194900E-01    5.928271 0.113594E+08 0.100000E+09
 0.195000E-01    5.894669 0.111883E+08 0.100000E+09
 0.195100E-01    5.867159 0.110198E+08 0.100000E+09
 0.195200E-01    5.833099 0.108538E+08 0.100000E+09
 0.195300E-01    5.805754 0.106903E+08 0.100000E+09
 0.195400E-01    5.776946 0.105293E+08 0.100000E+09
 0.195500E-01    5.743651 0.103707E+08 0.100000E+09
 0.195600E-01    5.716242 0.102145E+08 0.100000E+09
 0.195700E-01    5.686189 0.100606E+08 0.100000E+09
 0.195800E-01    5.657554 0.990908E+07 0.100000E+09
 0.195900E-01    5.628944 0.975982E+07 0.100000E+09
 0.196000E-01    5.594362 0.961281E+07 0.100000E+09
 0.196100E-01    5.566131 0.946801E+07 0.100000E+09
 0.196200E-01    5.544155 0.932539E+07 0.100000E+09
 0.196300E-01    5.514189 0.918492E+07 0.100000E+09
 0.196400E-01    5.482986 0.904657E+07 0.100000E+09
 0.196500E-01    5.452769 0.891030E+07 0.100000E+09
 0.196600E-01    5.431128 0.877609E+07 0.100000E+09
 0.196700E-01    5.399708 0.864389E+07 0.100000E+09
 0.196800E-01    5.371775 0.851369E+07 0.100000E+09
 0.196900E-01    5.343532 0.838545E+07 0.100000E+09
 0.197000E-01    5.319050 0.825914E+07 0.100000E+09
 0.197100E-01    5.284343 0.813473E+07 0.100000E+09
 0.197200E-01    5.263377 0.801220E+07 0.100000E+09
 0.197300E-01    5.233813 0.789151E+07 0.100000E+09
 0.197400E-01    5.202975 0.777264E+07 0.100000E+09
 0.197500E-01    5.180352 0.765556E+07 0.100000E+09
 0.197600E-01    5.157934 0.754024E+07 0.100000E+09
 0.197700E-01    5.130597 0.742666E+07 0.100000E+09
 0.197800E-01    5.103079 0.731480E+07 0.100000E+09
 0.197900E-01    5.075655 0.720461E+07 0.100000E+09
 0.198000E-01    5.050041 0.709609E+07 0.100000E+09
 0.198100E-01    5.024556 0.698920E+07 0.100000E+09
 0.198200E-01    4.999147 0.688392E+07 0.100000E+09
 0.198300E-01    4.973602 0.678023E+07 0.100000E+09
 0.198400E-01    4.941034 0.667810E+07 0.100000E+09
 0.198500E-01    4.917617 0.657751E+07 0.100000E+09
 0.198600E-01    4.894311 0.647843E+07 0.100000E+09
 0.198700E-01    4.872720 0.638085E+07 0.100000E+09
 0.198800E-01    4.842049 0.628473E+07 0.100000E+09
 0.198900E-01    4.818845 0.619007E+07 0.100000E+09
 0.199000E-01    4.797537 0.609682E+07 0.100000E+09
 0.199100E-01    4.769012 0.600499E+07 0.100000E+09
 0.199200E-01    4.747723 0.591454E+07 0.100000E+09
 0.199300E-01    4.721101 0.582544E+07 0.100000E+09
 0.199400E-01    4.698176 0.573770E+07 0.100000E+09
 0.199500E-01    4.671731 0.565127E+07 0.100000E+09
 0.199600E-01    4.652362 0.556614E+07 0.100000E+09
 0.199700E-01    4.627703 0.548230E+07 0.100000E+09
 0.199800E-01    4.599890 0.539972E+07 0.100000E+09
 0.199900E-01    4.582528 0.531838E+07 0.100000E+09
 0.200000E-01    4.556152 0.523827E+07 0.100000E+09
 0.200100E-01    4.527948 0.515937E+07 0.100000E+09
 0.200200E-01    4.509420 0.508165E+07 0.100000E+09
 0.200300E-01    4.489052 0.500511E+07 0.100000E+09
 0.200400E-01    4.460932 0.492972E+07 0.100000E+09
 0.200500E-01    4.442440 0.485546E+07 0.100000E+09
 0.200600E-01    4.414704 0.478232E+07 0.100000E+09
 0.200700E-01    4.392566 0.471029E+07 0.100000E+09
 0.200800E-01    4.375291 0.463934E+07 0.100000E+09
 0.200900E-01    4.351218 0.456945E+07 0.100000E+09
 0.201000E-01    4.331381 0.450062E+07 0.100000E+09
 0.201100E-01    4.309523 0.443283E+07 0.100000E+09
 0.201200E-01    4.283827 0.436606E+07 0.100000E+09
 0.201300E-01    4.262095 0.430029E+07 0.100000E+09
 0.201400E-01    4.240452 0.423552E+07 0.100000E+09
 0.201500E-01    4.220896 0.417172E+07 0.100000E+09
 0.201600E-01    4.199282 0.410888E+07 0.100000E+09
 0.201700E-01    4.182275 0.404699E+07 0.100000E+09
 0.201800E-01    4.160726 0.398603E+07 0.100000E+09
 0.201900E-01    4.133341 0.392599E+07 0.100000E+09
 0.202000E-01    4.116121 0.386685E+07 0.100000E+09
 0.202100E-01    4.092841 0.380860E+07 0.100000E+09
 0.202200E-01    4.077807 0.375123E+07 0.100000E+09
 0.202300E-01    4.050536 0.369473E+07 0.100000E+09
 0.202400E-01    4.035551 0.363908E+07 0.100000E+09
 0.202500E-01    4.012365 0.358426E+07 0.100000E+09
 0.202600E-01    3.995689 0.353027E+07 0.100000E+09
 0.202700E-01    3.970511 0.347709E+07 0.100000E+09
 0.202800E-01    3.955463 0.342472E+07 0.100000E+09
 0.202900E-01    3.934748 0.337313E+07 0.100000E+09
 0.203000E-01    3.918142 0.332232E+07 0.100000E+09
 0.203100E-01    3.893311 0.327228E+07 0.100000E+09
 0.203200E-01    3.954321 0.343117E+07 0.100000E+09
 0.203300E-01    3.951362 0.342216E+07 0.100000E+09
 0.203400E-01    3.950257 0.341317E+07 0.100000E+09
 0.203500E-01    3.944948 0.340421E+07 0.100000E+09
 0.203600E-01    3.941786 0.339528E+07 0.100000E+09
 0.203700E-01    3.940641 0.338636E+07 0.100000E+09
 0.203800E-01    3.937441 0.337747E+07 0.100000E+09
 0.203900E-01    3.936253 0.336861E+07 0.100000E+09
 0.204000E-01    3.927200 0.335976E+07 0.100000E+09
 0.204100E-01    3.921900 0.335094E+07 0.100000E+09
 0.204200E-01    3.922829 0.334214E+07 0.100000E+09
 0.204300E-01    3.917474 0.333337E+07 0.100000E+09
 0.204400E-01    3.916544 0.332462E+07 0.100000E+09
 0.204500E-01    3.913113 0.331589E+07 0.100000E+09
 0.204600E-01    3.909935 0.330718E+07 0.100000E+09
 0.204700E-01    3.908756 0.329850E+07 0.100000E+09
 0.204800E-01    3.899766 0.328984E+07 0.100000E+09
 0.204900E-01    3.894462 0.328121E+07 0.100000E+09
 0.205000E-01    3.895426 0.327259E+07 0.100000E+09
 0.205100E-01    3.890108 0.326400E+07 0.100000E+09
 0.205200E-01    3.886908 0.325543E+07 0.100000E+09
 0.205300E-01    3.885778 0.324688E+07 0.100000E+09
 0.205400E-01    3.882622 0.323836E+07 0.100000E+09
 0.205500E-01    3.875671 0.322986E+07 0.100000E+09
 0.205600E-01    3.872524 0.322138E+07 0.100000E+09
 0.205700E-01    3.869215 0.321292E+07 0.100000E+09
 0.205800E-01    3.868049 0.320449E+07 0.100000E+09
 0.205900E-01    3.862851 0.319607E+07 0.100000E+09
 0.206000E-01    3.859550 0.318768E+07 0.100000E+09
 0.206100E-01    3.858634 0.317932E+07 0.100000E+09
 0.206200E-01    3.855254 0.317097E+07 0.100000E+09
 0.206300E-01    3.846384 0.316264E+07 0.100000E+09
 0.206400E-01    3.845227 0.315434E+07 0.100000E+09
 0.206500E-01    3.841982 0.314606E+07 0.100000E+09
 0.206600E-01    3.838739 0.313780E+07 0.100000E+09
 0.206700E-01    3.827615 0.312956E+07 0.100000E+09
 0.206800E-01    3.834467 0.312135E+07 0.100000E+09
 0.206900E-01    3.829742 0.311315E+07 0.100000E+09
 0.207000E-01    3.828567 0.310498E+07 0.100000E+09
 0.207100E-01    3.827575 0.309683E+07 0.100000E+09
 0.207200E-01    3.824345 0.308870E+07 0.100000E+09
 0.207300E-01    3.812705 0.308059E+07 0.100000E+09
 0.207400E-01    3.809487 0.307250E+07 0.100000E+09
 0.207500E-01    3.808382 0.306443E+07 0.100000E+09
 0.207600E-01    3.807275 0.305639E+07 0.100000E+09
 0.207700E-01    3.806289 0.304837E+07 0.100000E+09
 0.207800E-01    3.801580 0.304036E+07 0.100000E+09
 0.207900E-01    3.798250 0.303238E+07 0.100000E+09
 0.208000E-01    3.795166 0.302442E+07 0.100000E+09
 0.208100E-01    3.794021 0.301648E+07 0.100000E+09
 0.208200E-01    3.790859 0.300856E+07 0.100000E+09
 0.208300E-01    3.787660 0.300066E+07 0.100000E+09
 0.208400E-01    3.778748 0.299278E+07 0.100000E+09
 0.208500E-01    3.777770 0.298493E+07 0.100000E+09
 0.208600E-01    3.774462 0.297709E+07 0.100000E+09
 0.208700E-01    3.771236 0.296927E+07 0.100000E+09
 0.208800E-01    3.766008 0.296148E+07 0.100000E+09
 0.208900E-01    3.762869 0.295370E+07 0.100000E+09
 0.209000E-01    3.761815 0.294595E+07 0.100000E+09
 0.209100E-01    3.758521 0.293822E+07 0.100000E+09
 0.209200E-01    3.749753 0.293050E+07 0.100000E+09
 0.209300E-01    3.746589 0.292281E+07 0.100000E+09
 0.209400E-01    3.743307 0.291514E+07 0.100000E+09
 0.209500E-01    3.742221 0.290748E+07 0.100000E+09
 0.209600E-01    3.739023 0.289985E+07 0.100000E+09
 0.209700E-01    3.735867 0.289224E+07 0.100000E+09
 0.209800E-01    3.734822 0.288464E+07 0.100000E+09
 0.209900E-01    3.733695 0.287707E+07 0.100000E+09
 0.210000E-01    3.729235 0.286952E+07 0.100000E+09
 0.210100E-01    3.728109 0.286198E+07 0.100000E+09
 0.210200E-01    3.725003 0.285447E+07 0.100000E+09
 0.210300E-01    3.721780 0.284698E+07 0.100000E+09
 0.210400E-01    3.718520 0.283950E+07 0.100000E+09
 0.210500E-01    3.715342 0.283205E+07 0.100000E+09
 0.210600E-01    3.712206 0.282461E+07 0.100000E+09
 0.210700E-01    3.703353 0.281720E+07 0.100000E+09
 0.210800E-01    3.702396 0.280980E+07 0.100000E+09
 0.210900E-01    3.699153 0.280242E+07 0.100000E+09
 0.211000E-01    3.695991 0.279507E+07 0.100000E+09
 0.211100E-01    3.692754 0.278773E+07 0.100000E+09
 0.211200E-01    3.689520 0.278041E+07 0.100000E+09
 0.211300E-01    3.686288 0.277311E+07 0.100000E+09
 0.211400E-01    3.685373 0.276583E+07 0.100000E+09
 0.211500E-01    3.684338 0.275857E+07 0.100000E+09
 0.211600E-01    3.683185 0.275133E+07 0.100000E+09
 0.211700E-01    3.678943 0.274410E+07 0.100000E+09
 0.211800E-01    3.675721 0.273690E+07 0.100000E+09
 0.211900E-01    3.672501 0.272971E+07 0.100000E+09
 0.212000E-01    3.669285 0.272255E+07 0.100000E+09
 0.212100E-01    3.666071 0.271540E+07 0.100000E+09
 0.212200E-01    3.657643 0.270827E+07 0.100000E+09
 0.212300E-01    3.654439 0.270116E+07 0.100000E+09
 0.212400E-01    3.651238 0.269407E+07 0.100000E+09
 0.212500E-01    3.648040 0.268700E+07 0.100000E+09
 0.212600E-01    3.644845 0.267994E+07 0.100000E+09
 0.212700E-01    3.634094 0.267291E+07 0.100000E+09
 0.212800E-01    3.638463 0.266589E+07 0.100000E+09
 0.212900E-01    3.637346 0.265889E+07 0.100000E+09
 0.213000E-01    3.636345 0.265191E+07 0.100000E+09
 0.213100E-01    3.635284 0.264495E+07 0.100000E+09
 0.213200E-01    3.630981 0.263801E+07 0.100000E+09
 0.213300E-01    3.630114 0.263108E+07 0.100000E+09
 0.213400E-01    3.624623 0.262417E+07 0.100000E+09
 0.213500E-01    3.621372 0.261728E+07 0.100000E+09
 0.213600E-01    3.618200 0.261041E+07 0.100000E+09
 0.213700E-01    3.609882 0.260356E+07 0.100000E+09
 0.213800E-01    3.606720 0.259672E+07 0.100000E+09
 0.213900E-01    3.603254 0.258991E+07 0.100000E+09
 0.214000E-01    3.600098 0.258311E+07 0.100000E+09
 0.214100E-01    3.596945 0.257633E+07 0.100000E+09
 0.214200E-01    3.593795 0.256956E+07 0.100000E+09
 0.214300E-01    3.590571 0.256282E+07 0.100000E+09
 0.214400E-01    3.589602 0.255609E+07 0.100000E+09
 0.214500E-01    3.588557 0.254938E+07 0.100000E+09
 0.214600E-01    3.587548 0.254268E+07 0.100000E+09
 0.214700E-01    3.583340 0.253601E+07 0.100000E+09
 0.214800E-01    3.580201 0.252935E+07 0.100000E+09
 0.214900E-01    3.577065 0.252271E+07 0.100000E+09
 0.215000E-01    3.571691 0.251609E+07 0.100000E+09
 0.215100E-01    3.568487 0.250948E+07 0.100000E+09
 0.215200E-01    3.560090 0.250289E+07 0.100000E+09
 0.215300E-01    3.554699 0.249632E+07 0.100000E+09
 0.215400E-01    3.551585 0.248977E+07 0.100000E+09
 0.215500E-01    3.548361 0.248323E+07 0.100000E+09
 0.215600E-01    3.545178 0.247671E+07 0.100000E+09
 0.215700E-01    3.544149 0.247021E+07 0.100000E+09
 0.215800E-01    3.543233 0.246373E+07 0.100000E+09
 0.215900E-01    3.546499 0.245726E+07 0.100000E+09
 0.216000E-01    3.547798 0.245081E+07 0.100000E+09
 0.216100E-01    3.544691 0.244437E+07 0.100000E+09
 0.216200E-01    3.533993 0.243796E+07 0.100000E+09
 0.216300E-01    3.530785 0.243156E+07 0.100000E+09
 0.216400E-01    3.525478 0.242517E+07 0.100000E+09
 0.216500E-01    3.522091 0.241881E+07 0.100000E+09
 0.216600E-01    3.519006 0.241246E+07 0.100000E+09
 0.216700E-01    3.518094 0.240612E+07 0.100000E+09
 0.216800E-01    3.517032 0.239980E+07 0.100000E+09
 0.216900E-01    3.515969 0.239350E+07 0.100000E+09
 0.217000E-01    3.515017 0.238722E+07 0.100000E+09
 0.217100E-01    3.513915 0.238095E+07 0.100000E+09
 0.217200E-01    3.505695 0.237470E+07 0.100000E+09
 0.217300E-01    3.500354 0.236847E+07 0.100000E+09
 0.217400E-01    3.497102 0.236225E+07 0.100000E+09
 0.217500E-01    3.486717 0.235605E+07 0.100000E+09
 0.217600E-01    3.485780 0.234986E+07 0.100000E+09
 0.217700E-01    3.486956 0.234369E+07 0.100000E+09
 0.217800E-01    3.488053 0.233754E+07 0.100000E+09
 0.217900E-01    3.487072 0.233140E+07 0.100000E+09
 0.218000E-01    3.488995 0.232528E+07 0.100000E+09
 0.218100E-01    3.483111 0.231918E+07 0.100000E+09
 0.218200E-01    3.477548 0.231309E+07 0.100000E+09
 0.218300E-01    3.467269 0.230702E+07 0.100000E+09
 0.218400E-01    3.461725 0.230096E+07 0.100000E+09
 0.218500E-01    3.456409 0.229492E+07 0.100000E+09
 0.218600E-01    3.455406 0.228890E+07 0.100000E+09
 0.218700E-01    3.454402 0.228289E+07 0.100000E+09
 0.218800E-01    3.453507 0.227689E+07 0.100000E+09
 0.218900E-01    3.454704 0.227092E+07 0.100000E+09
 0.219000E-01    3.453696 0.226495E+07 0.100000E+09
 0.219100E-01    3.452723 0.225901E+07 0.100000E+09
 0.219200E-01    3.449699 0.225308E+07 0.100000E+09
 0.219300E-01    3.437020 0.224716E+07 0.100000E+09
 0.219400E-01    3.431524 0.224126E+07 0.100000E+09
 0.219500E-01    3.426254 0.223538E+07 0.100000E+09
 0.219600E-01    3.425260 0.222951E+07 0.100000E+09
 0.219700E-01    3.426452 0.222366E+07 0.100000E+09
 0.219800E-01    3.425563 0.221782E+07 0.100000E+09
 0.219900E-01    3.424565 0.221200E+07 0.100000E+09
 0.220000E-01    3.425746 0.220619E+07 0.100000E+09
 0.220100E-01    3.424853 0.220040E+07 0.100000E+09
 0.220200E-01    3.419603 0.219462E+07 0.100000E+09
 0.220300E-01    3.404568 0.218886E+07 0.100000E+09
 0.220400E-01    3.401514 0.218311E+07 0.100000E+09
 0.220500E-01    3.400562 0.217738E+07 0.100000E+09
 0.220600E-01    3.399536 0.217166E+07 0.100000E+09
 0.220700E-01    3.398655 0.216596E+07 0.100000E+09
 0.220800E-01    3.399830 0.216028E+07 0.100000E+09
 0.220900E-01    3.398836 0.215461E+07 0.100000E+09
 0.221000E-01    3.397950 0.214895E+07 0.100000E+09
 0.221100E-01    3.383234 0.214331E+07 0.100000E+09
 0.221200E-01    3.377752 0.213768E+07 0.100000E+09
 0.221300E-01    3.376807 0.213207E+07 0.100000E+09
 0.221400E-01    3.375932 0.212647E+07 0.100000E+09
 0.221500E-01    3.374949 0.212089E+07 0.100000E+09
 0.221600E-01    3.374001 0.211532E+07 0.100000E+09
 0.221700E-01    3.375308 0.210977E+07 0.100000E+09
 0.221800E-01    3.374285 0.210423E+07 0.100000E+09
 0.221900E-01    3.359600 0.209870E+07 0.100000E+09
 0.222000E-01    3.354157 0.209319E+07 0.100000E+09
 0.222100E-01    3.353218 0.208770E+07 0.100000E+09
 0.222200E-01    3.352350 0.208222E+07 0.100000E+09
 0.222300E-01    3.351373 0.207675E+07 0.100000E+09
 0.222400E-01    3.352674 0.207130E+07 0.100000E+09
 0.222500E-01    3.351730 0.206586E+07 0.100000E+09
 0.222600E-01    3.350713 0.206044E+07 0.100000E+09
 0.222700E-01    3.333717 0.205503E+07 0.100000E+09
 0.222800E-01    3.332855 0.204963E+07 0.100000E+09
 0.222900E-01    3.331956 0.204425E+07 0.100000E+09
 0.223000E-01    3.331056 0.203889E+07 0.100000E+09
 0.223100E-01    3.330050 0.203353E+07 0.100000E+09
 0.223200E-01    3.329148 0.202819E+07 0.100000E+09
 0.223300E-01    3.328105 0.202287E+07 0.100000E+09
 0.223400E-01    3.329424 0.201756E+07 0.100000E+09
 0.223500E-01    3.310359 0.201226E+07 0.100000E+09
 0.223600E-01    3.311722 0.200698E+07 0.100000E+09
 0.223700E-01    3.310793 0.200171E+07 0.100000E+09
 0.223800E-01    3.309897 0.199646E+07 0.100000E+09
 0.223900E-01    3.308896 0.199121E+07 0.100000E+09
 0.224000E-01    3.307963 0.198599E+07 0.100000E+09
 0.224100E-01    3.307101 0.198077E+07 0.100000E+09
 0.224200E-01    3.308269 0.197557E+07 0.100000E+09
 0.224300E-01    3.291471 0.197039E+07 0.100000E+09
 0.224400E-01    3.290547 0.196521E+07 0.100000E+09
 0.224500E-01    3.289657 0.196005E+07 0.100000E+09
 0.224600E-01    3.288662 0.195491E+07 0.100000E+09
 0.224700E-01    3.296982 0.194978E+07 0.100000E+09
 0.224800E-01    3.286878 0.194466E+07 0.100000E+09
 0.224900E-01    3.288178 0.193955E+07 0.100000E+09
 0.225000E-01    3.271343 0.193446E+07 0.100000E+09
 0.225100E-01    3.277414 0.192938E+07 0.100000E+09
 0.225200E-01    3.269541 0.192432E+07 0.100000E+09
 0.225300E-01    3.268552 0.191926E+07 0.100000E+09
 0.225400E-01    3.267631 0.191423E+07 0.100000E+09
 0.225500E-01    3.273725 0.190920E+07 0.100000E+09
 0.225600E-01    3.268106 0.190419E+07 0.100000E+09
 0.225700E-01    3.255939 0.189919E+07 0.100000E+09
 0.225800E-01    3.250357 0.189420E+07 0.100000E+09
 0.225900E-01    3.254174 0.188923E+07 0.100000E+09
 0.226000E-01    3.253187 0.188427E+07 0.100000E+09
 0.226100E-01    3.252336 0.187932E+07 0.100000E+09
 0.226200E-01    3.251382 0.187439E+07 0.100000E+09
 0.226300E-01    3.234565 0.186947E+07 0.100000E+09
 0.226400E-01    3.233726 0.186456E+07 0.100000E+09
 0.226500E-01    3.232783 0.185967E+07 0.100000E+09
 0.226600E-01    3.231942 0.185478E+07 0.100000E+09
 0.226700E-01    3.231099 0.184991E+07 0.100000E+09
 0.226800E-01    3.230068 0.184506E+07 0.100000E+09
 0.226900E-01    3.229206 0.184021E+07 0.100000E+09
 0.227000E-01    3.214615 0.183538E+07 0.100000E+09
 0.227100E-01    3.213713 0.183056E+07 0.100000E+09
 0.227200E-01    3.212843 0.182576E+07 0.100000E+09
 0.227300E-01    3.211837 0.182096E+07 0.100000E+09
 0.227400E-01    3.213283 0.181618E+07 0.100000E+09
 0.227500E-01    3.212342 0.181142E+07 0.100000E+09
 0.227600E-01    3.211501 0.180666E+07 0.100000E+09
 0.227700E-01    3.196928 0.180192E+07 0.100000E+09
 0.227800E-01    3.196098 0.179719E+07 0.100000E+09
 0.227900E-01    3.195198 0.179247E+07 0.100000E+09
 0.228000E-01    3.203417 0.178776E+07 0.100000E+09
 0.228100E-01    3.193431 0.178307E+07 0.100000E+09
 0.228200E-01    3.194779 0.177839E+07 0.100000E+09
 0.228300E-01    3.180300 0.177372E+07 0.100000E+09
 0.228400E-01    3.199673 0.176906E+07 0.100000E+09
 0.228500E-01    3.178579 0.176442E+07 0.100000E+09
 0.228600E-01    3.182134 0.175979E+07 0.100000E+09
 0.228700E-01    3.176736 0.175517E+07 0.100000E+09
 0.228800E-01    3.180366 0.175056E+07 0.100000E+09
 0.228900E-01    3.163657 0.174596E+07 0.100000E+09
 0.229000E-01    3.162734 0.174138E+07 0.100000E+09
 0.229100E-01    3.161911 0.173681E+07 0.100000E+09
 0.229200E-01    3.161087 0.173225E+07 0.100000E+09
 0.229300E-01    3.160111 0.172770E+07 0.100000E+09
 0.229400E-01    3.159235 0.172316E+07 0.100000E+09
 0.229500E-01    3.147067 0.171864E+07 0.100000E+09
 0.229600E-01    3.146149 0.171413E+07 0.100000E+09
 0.229700E-01    3.145331 0.170963E+07 0.100000E+09
 0.229800E-01    3.144511 0.170514E+07 0.100000E+09
 0.229900E-01    3.145824 0.170066E+07 0.100000E+09
 0.230000E-01    3.144951 0.169620E+07 0.100000E+09
 0.230100E-01    3.153095 0.169175E+07 0.100000E+09
 0.230200E-01    3.132046 0.168730E+07 0.100000E+09
 0.230300E-01    3.135515 0.168287E+07 0.100000E+09
 0.230400E-01    3.130147 0.167846E+07 0.100000E+09
 0.230500E-01    3.133706 0.167405E+07 0.100000E+09
 0.230600E-01    3.128410 0.166966E+07 0.100000E+09
 0.230700E-01    3.116169 0.166527E+07 0.100000E+09
 0.230800E-01    3.115225 0.166090E+07 0.100000E+09
 0.230900E-01    3.130342 0.165654E+07 0.100000E+09
 0.231000E-01    3.113568 0.165219E+07 0.100000E+09
 0.231100E-01    3.112754 0.164785E+07 0.100000E+09
 0.231200E-01    3.111857 0.164353E+07 0.100000E+09
 0.231300E-01    3.099630 0.163921E+07 0.100000E+09
 0.231400E-01    3.112446 0.163491E+07 0.100000E+09
 0.231500E-01    3.100285 0.163062E+07 0.100000E+09
 0.231600E-01    3.099376 0.162634E+07 0.100000E+09
 0.231700E-01    3.098581 0.162207E+07 0.100000E+09
 0.231800E-01    3.106539 0.161781E+07 0.100000E+09
 0.231900E-01    3.085736 0.161356E+07 0.100000E+09
 0.232000E-01    3.089153 0.160932E+07 0.100000E+09
 0.232100E-01    3.083864 0.160510E+07 0.100000E+09
 0.233100E-01    3.063929 0.156345E+07 0.100000E+09
 0.234100E-01    3.039705 0.152289E+07 0.100000E+09
 0.235100E-01    3.011354 0.148338E+07 0.100000E+09
 0.236100E-01    3.007327 0.144489E+07 0.100000E+09
 0.237100E-01    2.954235 0.140740E+07 0.100000E+09
 0.238100E-01    2.930385 0.137089E+07 0.100000E+09
 0.239100E-01    2.913677 0.133532E+07 0.100000E+09
 0.240100E-01    2.883067 0.130068E+07 0.100000E+09
 0.241100E-01    2.859554 0.126693E+07 0.100000E+09
 0.242100E-01    2.838441 0.123406E+07 0.100000E+09
 0.243100E-01    2.810411 0.120204E+07 0.100000E+09
 0.244100E-01    2.787158 0.117085E+07 0.100000E+09
 0.245100E-01    2.779621 0.114048E+07 0.100000E+09
 0.246100E-01    2.756499 0.111089E+07 0.100000E+09
 0.247100E-01    2.720350 0.108206E+07 0.100000E+09
 0.248100E-01    2.710601 0.105399E+07 0.100000E+09
 0.249100E-01    2.677049 0.102664E+07 0.100000E+09
 0.250100E-01    2.651934 0.100001E+07 0.100000E+09
 0.251100E-01    2.626957 0.974062E+06 0.100000E+09
 0.252100E-01    2.619888 0.948789E+06 0.100000E+09
 0.253100E-01    2.597412 0.924173E+06 0.100000E+09
 0.254100E-01    2.564396 0.900195E+06 0.100000E+09
 0.256100E-01    2.562302 0.893179E+06 0.100000E+09
 0.257100E-01    2.570959 0.886244E+06 0.100000E+09
 0.258100E-01    2.547684 0.879390E+06 0.100000E+09
 0.259100E-01    2.540884 0.872615E+06 0.100000E+09
 0.260100E-01    2.528298 0.865918E+06 0.100000E+09
 0.261100E-01    2.532087 0.859298E+06 0.100000E+09
 0.262100E-01    2.521961 0.852753E+06 0.100000E+09
 0.263100E-01    2.543597 0.846283E+06 0.100000E+09
 0.264100E-01    2.526262 0.839887E+06 0.100000E+09
 0.265100E-01    2.500730 0.833562E+06 0.100000E+09
 0.266100E-01    2.496441 0.827309E+06 0.100000E+09
 0.267100E-01    2.505113 0.821126E+06 0.100000E+09
 0.268100E-01    2.487766 0.815012E+06 0.100000E+09
 0.269100E-01    2.477852 0.808966E+06 0.100000E+09
 0.270100E-01    2.499457 0.802987E+06 0.100000E+09
 0.271100E-01    2.482211 0.797074E+06 0.100000E+09
 0.272100E-01    2.467420 0.791226E+06 0.100000E+09
 0.273100E-01    2.463165 0.785442E+06 0.100000E+09
 0.274100E-01    2.476713 0.779721E+06 0.100000E+09
 0.275100E-01    2.449051 0.774063E+06 0.100000E+09
 0.276100E-01    2.457767 0.768466E+06 0.100000E+09
 0.277100E-01    2.430107 0.762930E+06 0.100000E+09
 0.278100E-01    2.438854 0.757453E+06 0.100000E+09
 0.279100E-01    2.421722 0.752035E+06 0.100000E+09
 0.280100E-01    2.419977 0.746674E+06 0.100000E+09
 0.281100E-01    2.433566 0.741371E+06 0.100000E+09
 0.282100E-01    2.416539 0.736125E+06 0.100000E+09
 0.283100E-01    2.414795 0.730933E+06 0.100000E+09
 0.284100E-01    2.400215 0.725797E+06 0.100000E+09
 0.285100E-01    2.411351 0.720714E+06 0.100000E+09
 0.286100E-01    2.378998 0.715685E+06 0.100000E+09
 0.287100E-01    2.392662 0.710708E+06 0.100000E+09
 0.288100E-01    2.378176 0.705783E+06 0.100000E+09
 0.289100E-01    2.389392 0.700909E+06 0.100000E+09
 0.290100E-01    2.357079 0.696085E+06 0.100000E+09
 0.291100E-01    2.370841 0.691310E+06 0.100000E+09
 0.292100E-01    2.356335 0.686585E+06 0.100000E+09
 0.293100E-01    2.367579 0.681908E+06 0.100000E+09
 0.294100E-01    2.350681 0.677279E+06 0.100000E+09
 0.295100E-01    2.349099 0.672696E+06 0.100000E+09
 0.296100E-01    2.337117 0.668160E+06 0.100000E+09
 0.297100E-01    2.345927 0.663670E+06 0.100000E+09
 0.298100E-01    2.333993 0.659225E+06 0.100000E+09
 0.299100E-01    2.327527 0.654824E+06 0.100000E+09
 0.300100E-01    2.325971 0.650467E+06 0.100000E+09
 0.301100E-01    2.324428 0.646154E+06 0.100000E+09
 0.302100E-01    2.322861 0.641883E+06 0.100000E+09
 0.303100E-01    2.311042 0.637655E+06 0.100000E+09
 0.304100E-01    2.304600 0.633468E+06 0.100000E+09
 0.305100E-01    2.303062 0.629322E+06 0.100000E+09
 0.306100E-01    2.301602 0.625217E+06 0.100000E+09
 0.307100E-01    2.287285 0.621152E+06 0.100000E+09
 0.308100E-01    2.285900 0.617126E+06 0.100000E+09
 0.309100E-01    2.297137 0.613140E+06 0.100000E+09
 0.310100E-01    2.280464 0.609192E+06 0.100000E+09
 0.311100E-01    2.271204 0.605282E+06 0.100000E+09
 0.312100E-01    2.277560 0.601409E+06 0.100000E+09
 0.313100E-01    2.260887 0.597574E+06 0.100000E+09
 0.314100E-01    2.259419 0.593775E+06 0.100000E+09
 0.315100E-01    2.258009 0.590012E+06 0.100000E+09
 0.316100E-01    2.243871 0.586285E+06 0.100000E+09
 0.317100E-01    2.242463 0.582593E+06 0.100000E+09
 0.318100E-01    2.253811 0.578935E+06 0.100000E+09
 0.319100E-01    2.242178 0.575313E+06 0.100000E+09
 0.320100E-01    2.235837 0.571724E+06 0.100000E+09
 0.321100E-01    2.234477 0.568168E+06 0.100000E+09
 0.322100E-01    2.248167 0.564646E+06 0.100000E+09
 0.323100E-01    2.216550 0.561156E+06 0.100000E+09
 0.324100E-01    2.215195 0.557698E+06 0.100000E+09
 0.325100E-01    2.213897 0.554273E+06 0.100000E+09
 0.326100E-01    2.227685 0.550879E+06 0.100000E+09
 0.327100E-01    2.195975 0.547516E+06 0.100000E+09
 0.328100E-01    2.194634 0.544183E+06 0.100000E+09
 0.329100E-01    2.193372 0.540881E+06 0.100000E+09
 0.330100E-01    2.192052 0.537609E+06 0.100000E+09
 0.331100E-01    2.175533 0.534366E+06 0.100000E+09
 0.332100E-01    2.174262 0.531153E+06 0.100000E+09
 0.333100E-01    2.188148 0.527969E+06 0.100000E+09
 0.334100E-01    2.171727 0.524813E+06 0.100000E+09
 0.335100E-01    2.172946 0.521685E+06 0.100000E+09
 0.336100E-01    2.154015 0.518586E+06 0.100000E+09
 0.337100E-01    2.152709 0.515513E+06 0.100000E+09
 0.338100E-01    2.166700 0.512468E+06 0.100000E+09
 0.339100E-01    2.150259 0.509450E+06 0.100000E+09
 0.340100E-01    2.151519 0.506459E+06 0.100000E+09
 0.341100E-01    2.162821 0.503494E+06 0.100000E+09
 0.342100E-01    2.131416 0.500554E+06 0.100000E+09
 0.343100E-01    2.130194 0.497641E+06 0.100000E+09
 0.344100E-01    2.128981 0.494753E+06 0.100000E+09
 0.345100E-01    2.127777 0.491890E+06 0.100000E+09
 0.346100E-01    2.141676 0.489051E+06 0.100000E+09
 0.347100E-01    2.140471 0.486237E+06 0.100000E+09
 0.348100E-01    2.124214 0.483448E+06 0.100000E+09
 0.349100E-01    2.122956 0.480682E+06 0.100000E+09
 0.350100E-01    2.106694 0.477940E+06 0.100000E+09
 0.351100E-01    2.097930 0.475221E+06 0.100000E+09
 0.352100E-01    2.119451 0.472526E+06 0.100000E+09
 0.353100E-01    2.103202 0.469853E+06 0.100000E+09
 0.354100E-01    2.132138 0.467203E+06 0.100000E+09
 0.355100E-01    2.100900 0.464575E+06 0.100000E+09
 0.356100E-01    2.099707 0.461970E+06 0.100000E+09
 0.357100E-01    2.098586 0.459386E+06 0.100000E+09
 0.358100E-01    2.089903 0.456824E+06 0.100000E+09
 0.359100E-01    2.111227 0.454283E+06 0.100000E+09
 0.360100E-01    2.067520 0.451764E+06 0.100000E+09
 0.361100E-01    2.063883 0.449265E+06 0.100000E+09
 0.362100E-01    2.077857 0.446787E+06 0.100000E+09
 0.363100E-01    2.076725 0.444329E+06 0.100000E+09
 0.364100E-01    2.060582 0.441892E+06 0.100000E+09
 0.365100E-01    2.089519 0.439475E+06 0.100000E+09
 0.366100E-01    2.048344 0.437077E+06 0.100000E+09
 0.367100E-01    2.047267 0.434699E+06 0.100000E+09
 0.368100E-01    2.056240 0.432340E+06 0.100000E+09
 0.369100E-01    2.055149 0.430001E+06 0.100000E+09
 0.370100E-01    2.069016 0.427680E+06 0.100000E+09
 0.371100E-01    2.037991 0.425379E+06 0.100000E+09
 0.372100E-01    2.036896 0.423095E+06 0.100000E+09
 0.373100E-01    2.035808 0.420830E+06 0.100000E+09
 0.374100E-01    2.034811 0.418583E+06 0.100000E+09
 0.375100E-01    2.033716 0.416355E+06 0.100000E+09
 0.376100E-01    2.047660 0.414144E+06 0.100000E+09
 0.377100E-01    2.031611 0.411950E+06 0.100000E+09
 0.378100E-01    2.030620 0.409774E+06 0.100000E+09
 0.379100E-01    2.029574 0.407615E+06 0.100000E+09
 0.380100E-01    2.013465 0.405473E+06 0.100000E+09
 0.381100E-01    2.012521 0.403348E+06 0.100000E+09
 0.382100E-01    2.026456 0.401239E+06 0.100000E+09
 0.383100E-01    2.010487 0.399147E+06 0.100000E+09
 0.384100E-01    1.994494 0.397072E+06 0.100000E+09
 0.385100E-01    1.993458 0.395012E+06 0.100000E+09
 0.386100E-01    1.992510 0.392969E+06 0.100000E+09
 0.387100E-01    1.991466 0.390941E+06 0.100000E+09
 0.388100E-01    2.005516 0.388929E+06 0.100000E+09
 0.389100E-01    2.004480 0.386932E+06 0.100000E+09
 0.390100E-01    1.973502 0.384951E+06 0.100000E+09
 0.391100E-01    1.960056 0.382985E+06 0.100000E+09
 0.392100E-01    1.971585 0.381034E+06 0.100000E+09
 0.393100E-01    1.970625 0.379098E+06 0.100000E+09
 0.394100E-01    1.984624 0.377177E+06 0.100000E+09
 0.395100E-01    1.983691 0.375270E+06 0.100000E+09
 0.396100E-01    1.955252 0.373377E+06 0.100000E+09
 0.397100E-01    1.966806 0.371499E+06 0.100000E+09
 0.398100E-01    1.953408 0.369635E+06 0.100000E+09
 0.399100E-01    1.952485 0.367785E+06 0.100000E+09
 0.400100E-01    1.963854 0.365949E+06 0.100000E+09
 0.401100E-01    1.963062 0.364126E+06 0.100000E+09
 0.402100E-01    1.947222 0.362318E+06 0.100000E+09
 0.403100E-01    1.946226 0.360522E+06 0.100000E+09
 0.404100E-01    1.930313 0.358740E+06 0.100000E+09
 0.405100E-01    1.929414 0.356971E+06 0.100000E+09
 0.406100E-01    1.928510 0.355215E+06 0.100000E+09
 0.407100E-01    1.942541 0.353472E+06 0.100000E+09
 0.408100E-01    1.941653 0.351742E+06 0.100000E+09
 0.409100E-01    1.925792 0.350025E+06 0.100000E+09
 0.410100E-01    1.924881 0.348320E+06 0.100000E+09
 0.411100E-01    1.923995 0.346627E+06 0.100000E+09
 0.412100E-01    1.923114 0.344947E+06 0.100000E+09
 0.413100E-01    1.907297 0.343279E+06 0.100000E+09
 0.414100E-01    1.921329 0.341623E+06 0.100000E+09
 0.415100E-01    1.920425 0.339979E+06 0.100000E+09
 0.416100E-01    1.904658 0.338347E+06 0.100000E+09
 0.417100E-01    1.903750 0.336726E+06 0.100000E+09
 0.418100E-01    1.902925 0.335118E+06 0.100000E+09
 0.419100E-01    1.902066 0.333520E+06 0.100000E+09
 0.420100E-01    1.901328 0.331934E+06 0.100000E+09
 0.421100E-01    1.900248 0.330360E+06 0.100000E+09
 0.422100E-01    1.899462 0.328796E+06 0.100000E+09
 0.423100E-01    1.883727 0.327244E+06 0.100000E+09
 0.424100E-01    1.882897 0.325702E+06 0.100000E+09
 0.425100E-01    1.882054 0.324172E+06 0.100000E+09
 0.426100E-01    1.881177 0.322652E+06 0.100000E+09
 0.427100E-01    1.880190 0.321143E+06 0.100000E+09
 0.428100E-01    1.879476 0.319644E+06 0.100000E+09
 0.429100E-01    1.878691 0.318156E+06 0.100000E+09
 0.430100E-01    1.862985 0.316679E+06 0.100000E+09
 0.431100E-01    1.862079 0.315211E+06 0.100000E+09
 0.432100E-01    1.861255 0.313754E+06 0.100000E+09
 0.433100E-01    1.875348 0.312307E+06 0.100000E+09
 0.434100E-01    1.844768 0.310869E+06 0.100000E+09
 0.435100E-01    1.858810 0.309442E+06 0.100000E+09
 0.436100E-01    1.858080 0.308025E+06 0.100000E+09
 0.437100E-01    1.847486 0.306617E+06 0.100000E+09
 0.438100E-01    1.829253 0.305219E+06 0.100000E+09
 0.439100E-01    1.885132 0.303830E+06 0.100000E+09
 0.440100E-01    1.839980 0.302451E+06 0.100000E+09
 0.441100E-01    1.839220 0.301081E+06 0.100000E+09
 0.442100E-01    1.838427 0.299721E+06 0.100000E+09
 0.443100E-01    1.837638 0.298369E+06 0.100000E+09
 0.444100E-01    1.851687 0.297027E+06 0.100000E+09
 0.445100E-01    1.821179 0.295694E+06 0.100000E+09
 0.446100E-01    1.820472 0.294370E+06 0.100000E+09
 0.447100E-01    1.822283 0.293054E+06 0.100000E+09
 0.448100E-01    1.833760 0.291748E+06 0.100000E+09
 0.449100E-01    1.805799 0.290450E+06 0.100000E+09
 0.450100E-01    1.817391 0.289161E+06 0.100000E+09
 0.451100E-01    1.816585 0.287880E+06 0.100000E+09
 0.452100E-01    1.830644 0.286608E+06 0.100000E+09
 0.453100E-01    1.829862 0.285344E+06 0.100000E+09
 0.454100E-01    1.799505 0.284089E+06 0.100000E+09
 0.455100E-01    1.798665 0.282842E+06 0.100000E+09
 0.456100E-01    1.812822 0.281603E+06 0.100000E+09
 0.457100E-01    1.799776 0.280372E+06 0.100000E+09
 0.458100E-01    1.801628 0.279150E+06 0.100000E+09
 0.459100E-01    1.810512 0.277935E+06 0.100000E+09
 0.460100E-01    1.809817 0.276728E+06 0.100000E+09
 0.461100E-01    1.809080 0.275529E+06 0.100000E+09
 0.462100E-01    1.778712 0.274338E+06 0.100000E+09
 0.463100E-01    1.777999 0.273154E+06 0.100000E+09
 0.464100E-01    1.792092 0.271978E+06 0.100000E+09
 0.465100E-01    1.791402 0.270810E+06 0.100000E+09
 0.466100E-01    1.780989 0.269649E+06 0.100000E+09
 0.467100E-01    1.789960 0.268496E+06 0.100000E+09
 0.468100E-01    1.789245 0.267350E+06 0.100000E+09
 0.469100E-01    1.803231 0.266211E+06 0.100000E+09
 0.470100E-01    1.760753 0.265080E+06 0.100000E+09
 0.471100E-01    1.759998 0.263956E+06 0.100000E+09
 0.472100E-01    1.771610 0.262839E+06 0.100000E+09
 0.473100E-01    1.756107 0.261729E+06 0.100000E+09
 0.474100E-01    1.770174 0.260626E+06 0.100000E+09
 0.475100E-01    1.754667 0.259530E+06 0.100000E+09
 0.476100E-01    1.768772 0.258441E+06 0.100000E+09
 0.477100E-01    1.768076 0.257359E+06 0.100000E+09
 0.478100E-01    1.742990 0.256283E+06 0.100000E+09
 0.479100E-01    1.796015 0.255214E+06 0.100000E+09
 0.480100E-01    1.736483 0.254152E+06 0.100000E+09
 0.481100E-01    1.735807 0.253097E+06 0.100000E+09
 0.482100E-01    1.737640 0.252048E+06 0.100000E+09
 0.483100E-01    1.739576 0.251006E+06 0.100000E+09
 0.484100E-01    1.748545 0.249970E+06 0.100000E+09
 0.485100E-01    1.747845 0.248940E+06 0.100000E+09
 0.486100E-01    1.761888 0.247917E+06 0.100000E+09
 0.487100E-01    1.719544 0.246900E+06 0.100000E+09
 0.488100E-01    1.733659 0.245889E+06 0.100000E+09
 0.489100E-01    1.730439 0.244885E+06 0.100000E+09
 0.490100E-01    1.715050 0.243887E+06 0.100000E+09
 0.491100E-01    1.729127 0.242894E+06 0.100000E+09
 0.492100E-01    1.716282 0.241908E+06 0.100000E+09
 0.493100E-01    1.727794 0.240928E+06 0.100000E+09
 0.494100E-01    1.741881 0.239954E+06 0.100000E+09
 0.495100E-01    1.741164 0.238986E+06 0.100000E+09
 0.496100E-01    1.698891 0.238023E+06 0.100000E+09
 0.497100E-01    1.713051 0.237066E+06 0.100000E+09
 0.498100E-01    1.768276 0.236115E+06 0.100000E+09
 0.499100E-01    1.694369 0.235170E+06 0.100000E+09
 0.500100E-01    1.708535 0.234231E+06 0.100000E+09
 0.501100E-01    1.707877 0.233297E+06 0.100000E+09
 0.502100E-01    1.707283 0.232368E+06 0.100000E+09
 0.503100E-01    1.721387 0.231446E+06 0.100000E+09
 0.504100E-01    1.720617 0.230528E+06 0.100000E+09
 0.505100E-01    1.681130 0.229616E+06 0.100000E+09
 0.506100E-01    1.692630 0.228710E+06 0.100000E+09
 0.507100E-01    1.704119 0.227809E+06 0.100000E+09
 0.508100E-01    1.688799 0.226913E+06 0.100000E+09
 0.509100E-01    1.688186 0.226022E+06 0.100000E+09
 0.510100E-01    1.677942 0.225137E+06 0.100000E+09
 0.511100E-01    1.686935 0.224257E+06 0.100000E+09
 0.512100E-01    1.700990 0.223382E+06 0.100000E+09
 0.513100E-01    1.700404 0.222512E+06 0.100000E+09
 0.514100E-01    1.714340 0.221647E+06 0.100000E+09
 0.515100E-01    1.669784 0.220787E+06 0.100000E+09
 0.516100E-01    1.656955 0.219933E+06 0.100000E+09
 0.517100E-01    1.668590 0.219083E+06 0.100000E+09
 0.518100E-01    1.682686 0.218238E+06 0.100000E+09
 0.519100E-01    1.667383 0.217398E+06 0.100000E+09
 0.520100E-01    1.666797 0.216563E+06 0.100000E+09
 0.521100E-01    1.666188 0.215732E+06 0.100000E+09
 0.522100E-01    1.680271 0.214907E+06 0.100000E+09
 0.523100E-01    1.694252 0.214086E+06 0.100000E+09
 0.524100E-01    1.640250 0.213270E+06 0.100000E+09
 0.525100E-01    1.707546 0.212458E+06 0.100000E+09
 0.526100E-01    1.663246 0.211651E+06 0.100000E+09
 0.527100E-01    1.647968 0.210849E+06 0.100000E+09
 0.528100E-01    1.647389 0.210051E+06 0.100000E+09
 0.529100E-01    1.646847 0.209258E+06 0.100000E+09
 0.530100E-01    1.646232 0.208469E+06 0.100000E+09
 0.531100E-01    1.660341 0.207685E+06 0.100000E+09
 0.532100E-01    1.659714 0.206905E+06 0.100000E+09
 0.533100E-01    1.673757 0.206130E+06 0.100000E+09
 0.534100E-01    1.619712 0.205358E+06 0.100000E+09
 0.535100E-01    1.687045 0.204592E+06 0.100000E+09
 0.536100E-01    1.642835 0.203829E+06 0.100000E+09
 0.537100E-01    1.627563 0.203071E+06 0.100000E+09
 0.538100E-01    1.641647 0.202317E+06 0.100000E+09
 0.539100E-01    1.626450 0.201567E+06 0.100000E+09
 0.540100E-01    1.625898 0.200821E+06 0.100000E+09
 0.541100E-01    1.639984 0.200079E+06 0.100000E+09
 0.542100E-01    1.654021 0.199342E+06 0.100000E+09
 0.543100E-01    1.653441 0.198609E+06 0.100000E+09
 0.544100E-01    1.667364 0.197879E+06 0.100000E+09
 0.545100E-01    1.666771 0.197154E+06 0.100000E+09
 0.546100E-01    1.625186 0.196432E+06 0.100000E+09
 0.547100E-01    1.609981 0.195715E+06 0.100000E+09
 0.548100E-01    1.621505 0.195001E+06 0.100000E+09
 0.549100E-01    1.606320 0.194292E+06 0.100000E+09
 0.550100E-01    1.620400 0.193586E+06 0.100000E+09
 0.551100E-01    1.619924 0.192884E+06 0.100000E+09
 0.552100E-01    1.619353 0.192186E+06 0.100000E+09
 0.553100E-01    1.633350 0.191492E+06 0.100000E+09
 0.554100E-01    1.647291 0.190801E+06 0.100000E+09
 0.555100E-01    1.661130 0.190114E+06 0.100000E+09
 0.556100E-01    1.590489 0.189431E+06 0.100000E+09
 0.557100E-01    1.602023 0.188752E+06 0.100000E+09
 0.558100E-01    1.586835 0.188076E+06 0.100000E+09
 0.559100E-01    1.600966 0.187404E+06 0.100000E+09
 0.560100E-01    1.600448 0.186735E+06 0.100000E+09
 0.561100E-01    1.590494 0.186070E+06 0.100000E+09
 0.562100E-01    1.599421 0.185409E+06 0.100000E+09
 0.563100E-01    1.613426 0.184751E+06 0.100000E+09
 0.564100E-01    1.627383 0.184096E+06 0.100000E+09
 0.565100E-01    1.626828 0.183445E+06 0.100000E+09
 0.566100E-01    1.582684 0.182798E+06 0.100000E+09
 0.567100E-01    1.584813 0.182154E+06 0.100000E+09
 0.568100E-01    1.581687 0.181513E+06 0.100000E+09
 0.569100E-01    1.581192 0.180876E+06 0.100000E+09
 0.570100E-01    1.595230 0.180242E+06 0.100000E+09
 0.571100E-01    1.580146 0.179611E+06 0.100000E+09
 0.572100E-01    1.579658 0.178984E+06 0.100000E+09
 0.573100E-01    1.579125 0.178360E+06 0.100000E+09
 0.574100E-01    1.593182 0.177739E+06 0.100000E+09
 0.575100E-01    1.607130 0.177121E+06 0.100000E+09
 0.576100E-01    1.621007 0.176507E+06 0.100000E+09
 0.577100E-01    1.565106 0.175896E+06 0.100000E+09
 0.578100E-01    1.564645 0.175288E+06 0.100000E+09
 0.579100E-01    1.561532 0.174683E+06 0.100000E+09
 0.580100E-01    1.561047 0.174081E+06 0.100000E+09
 0.581100E-01    1.560548 0.173483E+06 0.100000E+09
 0.582100E-01    1.545457 0.172887E+06 0.100000E+09
 0.583100E-01    1.544949 0.172295E+06 0.100000E+09
 0.584100E-01    1.559096 0.171705E+06 0.100000E+09
 0.585100E-01    1.573143 0.171119E+06 0.100000E+09
 0.586100E-01    1.587097 0.170535E+06 0.100000E+09
 0.587100E-01    1.600989 0.169955E+06 0.100000E+09
 0.588100E-01    1.571660 0.169377E+06 0.100000E+09
 0.589100E-01    1.532665 0.168803E+06 0.100000E+09
 0.590100E-01    1.541587 0.168231E+06 0.100000E+09
 0.591100E-01    1.529083 0.167662E+06 0.100000E+09
 0.592100E-01    1.540629 0.167097E+06 0.100000E+09
 0.593100E-01    1.540149 0.166534E+06 0.100000E+09
 0.594100E-01    1.539710 0.165973E+06 0.100000E+09
 0.595100E-01    1.539211 0.165416E+06 0.100000E+09
 0.596100E-01    1.553278 0.164862E+06 0.100000E+09
 0.597100E-01    1.567262 0.164310E+06 0.100000E+09
 0.598100E-01    1.581165 0.163761E+06 0.100000E+09
 0.599100E-01    1.594978 0.163215E+06 0.100000E+09
 0.600100E-01    1.536870 0.162671E+06 0.100000E+09
 0.601100E-01    1.512412 0.162130E+06 0.100000E+09
 0.602100E-01    1.521355 0.161592E+06 0.100000E+09
 0.603100E-01    1.508884 0.161057E+06 0.100000E+09
 0.604100E-01    1.520439 0.160524E+06 0.100000E+09
 0.605100E-01    1.519992 0.159994E+06 0.100000E+09
 0.606100E-01    1.519531 0.159466E+06 0.100000E+09
 0.607100E-01    1.519103 0.158941E+06 0.100000E+09
 0.608100E-01    1.547571 0.158419E+06 0.100000E+09
 0.609100E-01    1.561531 0.157899E+06 0.100000E+09
 0.610100E-01    1.575341 0.157382E+06 0.100000E+09
 0.611100E-01    1.560581 0.156867E+06 0.100000E+09
 0.612100E-01    1.516807 0.156355E+06 0.100000E+09
 0.613100E-01    1.492402 0.155846E+06 0.100000E+09
 0.614100E-01    1.503971 0.155339E+06 0.100000E+09
 0.615100E-01    1.500893 0.154834E+06 0.100000E+09
 0.616100E-01    1.500452 0.154332E+06 0.100000E+09
 0.617100E-01    1.514567 0.153832E+06 0.100000E+09
 0.618100E-01    1.499591 0.153335E+06 0.100000E+09
 0.619100E-01    1.499170 0.152840E+06 0.100000E+09
 0.620100E-01    1.527690 0.152347E+06 0.100000E+09
 0.621100E-01    1.541606 0.151857E+06 0.100000E+09
 0.622100E-01    1.555419 0.151369E+06 0.100000E+09
 0.623100E-01    1.540684 0.150884E+06 0.100000E+09
 0.624100E-01    1.511456 0.150400E+06 0.100000E+09
 0.625100E-01    1.496535 0.149920E+06 0.100000E+09
 0.626100E-01    1.484151 0.149441E+06 0.100000E+09
 0.627100E-01    1.495646 0.148965E+06 0.100000E+09
 0.628100E-01    1.483306 0.148491E+06 0.100000E+09
 0.629100E-01    1.494787 0.148019E+06 0.100000E+09
 0.630100E-01    1.479811 0.147550E+06 0.100000E+09
 0.631100E-01    1.479427 0.147083E+06 0.100000E+09
 0.632100E-01    1.493478 0.146618E+06 0.100000E+09
 0.633100E-01    1.521884 0.146155E+06 0.100000E+09
 0.634100E-01    1.535733 0.145694E+06 0.100000E+09
 0.635100E-01    1.535251 0.145236E+06 0.100000E+09
 0.636100E-01    1.506202 0.144779E+06 0.100000E+09
 0.637100E-01    1.491360 0.144325E+06 0.100000E+09
 0.638100E-01    1.476447 0.143873E+06 0.100000E+09
 0.639100E-01    1.464117 0.143423E+06 0.100000E+09
 0.640100E-01    1.475604 0.142976E+06 0.100000E+09
 0.641100E-01    1.463273 0.142530E+06 0.100000E+09
 0.642100E-01    1.474790 0.142086E+06 0.100000E+09
 0.643100E-01    1.459801 0.141645E+06 0.100000E+09
 0.644100E-01    1.459453 0.141205E+06 0.100000E+09
 0.645100E-01    1.487961 0.140768E+06 0.100000E+09
 0.646100E-01    1.516208 0.140332E+06 0.100000E+09
 0.647100E-01    1.515777 0.139899E+06 0.100000E+09
 0.648100E-01    1.501071 0.139468E+06 0.100000E+09
 0.649100E-01    1.486306 0.139038E+06 0.100000E+09
 0.650100E-01    1.471483 0.138611E+06 0.100000E+09
 0.651100E-01    1.456569 0.138185E+06 0.100000E+09
 0.652100E-01    1.446930 0.137762E+06 0.100000E+09
 0.653100E-01    1.455813 0.137340E+06 0.100000E+09
 0.654100E-01    1.440797 0.136921E+06 0.100000E+09
 0.655100E-01    1.440467 0.136503E+06 0.100000E+09
 0.656100E-01    1.454576 0.136087E+06 0.100000E+09
 0.657100E-01    1.439652 0.135673E+06 0.100000E+09
 0.658100E-01    1.468244 0.135261E+06 0.100000E+09
 0.659100E-01    1.510671 0.134851E+06 0.100000E+09
 0.660100E-01    1.496024 0.134443E+06 0.100000E+09
 0.661100E-01    1.481351 0.134037E+06 0.100000E+09
 0.662100E-01    1.466608 0.133632E+06 0.100000E+09
 0.663100E-01    1.451803 0.133229E+06 0.100000E+09
 0.664100E-01    1.451403 0.132828E+06 0.100000E+09
 0.665100E-01    1.436541 0.132429E+06 0.100000E+09
 0.666100E-01    1.426968 0.132032E+06 0.100000E+09
 0.667100E-01    1.435757 0.131636E+06 0.100000E+09
 0.668100E-01    1.423494 0.131243E+06 0.100000E+09
 0.669100E-01    1.449438 0.130851E+06 0.100000E+09
 0.670100E-01    1.434606 0.130460E+06 0.100000E+09
 0.671100E-01    1.419730 0.130072E+06 0.100000E+09
 0.672100E-01    1.491127 0.129685E+06 0.100000E+09
 0.673100E-01    1.490674 0.129300E+06 0.100000E+09
 0.674100E-01    1.476092 0.128917E+06 0.100000E+09
 0.675100E-01    1.461427 0.128535E+06 0.100000E+09
 0.676100E-01    1.446714 0.128155E+06 0.100000E+09
 0.677100E-01    1.431932 0.127777E+06 0.100000E+09
 0.678100E-01    1.431543 0.127400E+06 0.100000E+09
 0.679100E-01    1.416729 0.127025E+06 0.100000E+09
 0.680100E-01    1.407121 0.126652E+06 0.100000E+09
 0.681100E-01    1.415972 0.126280E+06 0.100000E+09
 0.682100E-01    1.415596 0.125910E+06 0.100000E+09
 0.683100E-01    1.403361 0.125542E+06 0.100000E+09
 0.684100E-01    1.414844 0.125175E+06 0.100000E+09
 0.685100E-01    1.399987 0.124810E+06 0.100000E+09
 0.686100E-01    1.471331 0.124446E+06 0.100000E+09
 0.687100E-01    1.470920 0.124085E+06 0.100000E+09
 0.688100E-01    1.456367 0.123724E+06 0.100000E+09
 0.689100E-01    1.441729 0.123365E+06 0.100000E+09
 0.690100E-01    1.427025 0.123008E+06 0.100000E+09
 0.691100E-01    1.426661 0.122652E+06 0.100000E+09
 0.692100E-01    1.411898 0.122298E+06 0.100000E+09
 0.693100E-01    1.399712 0.121945E+06 0.100000E+09
 0.694100E-01    1.399350 0.121594E+06 0.100000E+09
 0.695100E-01    1.387163 0.121245E+06 0.100000E+09
 0.696100E-01    1.395985 0.120897E+06 0.100000E+09
 0.697100E-01    1.383736 0.120550E+06 0.100000E+09
 0.698100E-01    1.409706 0.120205E+06 0.100000E+09
 0.699100E-01    1.394949 0.119861E+06 0.100000E+09
 0.700100E-01    1.451767 0.119519E+06 0.100000E+09
 0.701100E-01    1.451369 0.119178E+06 0.100000E+09
 0.702100E-01    1.436836 0.118839E+06 0.100000E+09
 0.703100E-01    1.422221 0.118501E+06 0.100000E+09
 0.704100E-01    1.421854 0.118165E+06 0.100000E+09
 0.705100E-01    1.407186 0.117830E+06 0.100000E+09
 0.706100E-01    1.406822 0.117497E+06 0.100000E+09
 0.707100E-01    1.392082 0.117164E+06 0.100000E+09
 0.708100E-01    1.379943 0.116834E+06 0.100000E+09
 0.709100E-01    1.379593 0.116504E+06 0.100000E+09
 0.710100E-01    1.367450 0.116177E+06 0.100000E+09
 0.711100E-01    1.376257 0.115850E+06 0.100000E+09
 0.712100E-01    1.375893 0.115525E+06 0.100000E+09
 0.713100E-01    1.363721 0.115201E+06 0.100000E+09
 0.714100E-01    1.446545 0.114879E+06 0.100000E+09
 0.715100E-01    1.432059 0.114558E+06 0.100000E+09
 0.716100E-01    1.431687 0.114238E+06 0.100000E+09
 0.717100E-01    1.417158 0.113920E+06 0.100000E+09
 0.718100E-01    1.402549 0.113602E+06 0.100000E+09
 0.719100E-01    1.402211 0.113287E+06 0.100000E+09
 0.720100E-01    1.387556 0.112972E+06 0.100000E+09
 0.721100E-01    1.387204 0.112659E+06 0.100000E+09
 0.722100E-01    1.372493 0.112347E+06 0.100000E+09
 0.723100E-01    1.372157 0.112037E+06 0.100000E+09
 0.724100E-01    1.357354 0.111728E+06 0.100000E+09
 0.725100E-01    1.359697 0.111420E+06 0.100000E+09
 0.726100E-01    1.371141 0.111113E+06 0.100000E+09
 0.727100E-01    1.356374 0.110808E+06 0.100000E+09
 0.728100E-01    1.427433 0.110503E+06 0.100000E+09
 0.729100E-01    1.426984 0.110200E+06 0.100000E+09
 0.730100E-01    1.355365 0.109899E+06 0.100000E+09
 0.731100E-01    1.412197 0.109598E+06 0.100000E+09
 0.732100E-01    1.397688 0.109299E+06 0.100000E+09
 0.742100E-01    1.351487 0.106373E+06 0.100000E+09
 0.752100E-01    1.348248 0.103563E+06 0.100000E+09
 0.762100E-01    1.304621 0.100863E+06 0.100000E+09
 0.772100E-01    1.313341 0.982676E+05 0.100000E+09
 0.782100E-01    1.338867 0.957708E+05 0.100000E+09
 0.792100E-01    1.349900 0.933679E+05 0.100000E+09
 0.802100E-01    1.304508 0.910543E+05 0.100000E+09
 0.812100E-01    1.329863 0.888257E+05 0.100000E+09
 0.822100E-01    1.284621 0.866779E+05 0.100000E+09
 0.832100E-01    1.296025 0.846070E+05 0.100000E+09
 0.842100E-01    1.250752 0.826095E+05 0.100000E+09
 0.852100E-01    1.276501 0.806819E+05 0.100000E+09
 0.862100E-01    1.245614 0.788211E+05 0.100000E+09
 0.872100E-01    1.257207 0.770238E+05 0.100000E+09
 0.882100E-01    1.226444 0.752873E+05 0.100000E+09
 0.892100E-01    1.195534 0.736089E+05 0.100000E+09
 0.902100E-01    1.207468 0.719860E+05 0.100000E+09
 0.912100E-01    1.219265 0.704162E+05 0.100000E+09
 0.922100E-01    1.188705 0.688972E+05 0.100000E+09
 0.932100E-01    1.214624 0.674268E+05 0.100000E+09
 0.942100E-01    1.184271 0.660030E+05 0.100000E+09
 0.952100E-01    1.196142 0.646238E+05 0.100000E+09
 0.962100E-01    1.179959 0.632874E+05 0.100000E+09
 0.972100E-01    1.191760 0.619920E+05 0.100000E+09
 0.982100E-01    1.161699 0.607360E+05 0.100000E+09
 0.992100E-01    1.145609 0.595178E+05 0.100000E+09
 0.100210E+00    1.199138 0.583358E+05 0.100000E+09
 0.101210E+00    1.127590 0.571888E+05 0.100000E+09
 0.102210E+00    1.153628 0.560752E+05 0.100000E+09
 0.103210E+00    1.123783 0.549938E+05 0.100000E+09
 0.104210E+00    1.107876 0.539435E+05 0.100000E+09
 0.105210E+00    1.161536 0.529229E+05 0.100000E+09
 0.106210E+00    1.104253 0.519310E+05 0.100000E+09
 0.107210E+00    1.060169 0.509667E+05 0.100000E+09
 0.108210E+00    1.100721 0.500291E+05 0.100000E+09
 0.109210E+00    1.085006 0.491171E+05 0.100000E+09
 0.110210E+00    1.124791 0.482298E+05 0.100000E+09
 0.111210E+00    1.081624 0.473663E+05 0.100000E+09
 0.112210E+00    1.066027 0.465259E+05 0.100000E+09
 0.113210E+00    1.105840 0.457075E+05 0.100000E+09
 0.114210E+00    1.062787 0.449106E+05 0.100000E+09
 0.115210E+00    1.047272 0.441344E+05 0.100000E+09
 0.116210E+00    1.087148 0.433781E+05 0.100000E+09
 0.117210E+00    1.044174 0.426411E+05 0.100000E+09
 0.118210E+00    1.028769 0.419227E+05 0.100000E+09
 0.119210E+00    0.985129 0.412223E+05 0.100000E+09
 0.120210E+00    1.025822 0.405393E+05 0.100000E+09
 0.121210E+00    0.996456 0.398732E+05 0.100000E+09
 0.122210E+00    0.995084 0.392233E+05 0.100000E+09
 0.123210E+00    1.007663 0.385892E+05 0.100000E+09
 0.124210E+00    1.020093 0.379703E+05 0.100000E+09
 0.125210E+00    0.991010 0.373662E+05 0.100000E+09
 0.126210E+00    1.030991 0.367765E+05 0.100000E+09
 0.127210E+00    0.988358 0.362005E+05 0.100000E+09
 0.128210E+00    0.959178 0.356380E+05 0.100000E+09
 0.129210E+00    0.971879 0.350885E+05 0.100000E+09
 0.130210E+00    0.984444 0.345517E+05 0.100000E+09
 0.131210E+00    0.983164 0.340270E+05 0.100000E+09
 0.132210E+00    0.940295 0.335142E+05 0.100000E+09
 0.133210E+00    0.939104 0.330129E+05 0.100000E+09
 0.134210E+00    0.951840 0.325228E+05 0.100000E+09
 0.135210E+00    0.964436 0.320435E+05 0.100000E+09
 0.136210E+00    0.921667 0.315747E+05 0.100000E+09
 0.137210E+00    0.934463 0.311162E+05 0.100000E+09
 0.138210E+00    0.933307 0.306675E+05 0.100000E+09
 0.139210E+00    0.945963 0.302285E+05 0.100000E+09
 0.140210E+00    0.903317 0.297989E+05 0.100000E+09
 0.141210E+00    0.916128 0.293783E+05 0.100000E+09
 0.142210E+00    0.928864 0.289666E+05 0.100000E+09
 0.143210E+00    0.927745 0.285635E+05 0.100000E+09
 0.144210E+00    0.899087 0.281687E+05 0.100000E+09
 0.145210E+00    0.898050 0.277821E+05 0.100000E+09
 0.146210E+00    0.910817 0.274033E+05 0.100000E+09
 0.147210E+00    0.896004 0.270323E+05 0.100000E+09
 0.148210E+00    0.908731 0.266687E+05 0.100000E+09
 0.149210E+00    0.866298 0.263125E+05 0.100000E+09
 0.150210E+00    0.879200 0.259633E+05 0.100000E+09
 0.151210E+00    0.946138 0.256210E+05 0.100000E+09
 0.152210E+00    0.891008 0.252855E+05 0.100000E+09
 0.153210E+00    0.903671 0.249565E+05 0.100000E+09
 0.154210E+00    0.847718 0.246339E+05 0.100000E+09
 0.155210E+00    0.928574 0.243175E+05 0.100000E+09
 0.156210E+00    0.859743 0.240071E+05 0.100000E+09
 0.157210E+00    0.872554 0.237027E+05 0.100000E+09
 0.158210E+00    0.885236 0.234040E+05 0.100000E+09
 0.159210E+00    0.829422 0.231109E+05 0.100000E+09
 0.160210E+00    0.910217 0.228233E+05 0.100000E+09
 0.161210E+00    0.855258 0.225410E+05 0.100000E+09
 0.162210E+00    0.854379 0.222640E+05 0.100000E+09
 0.163210E+00    0.867091 0.219920E+05 0.100000E+09
 0.164210E+00    0.797481 0.217249E+05 0.100000E+09
 0.165210E+00    0.892151 0.214627E+05 0.100000E+09
 0.166210E+00    0.837276 0.212052E+05 0.100000E+09
 0.167210E+00    0.836449 0.209524E+05 0.100000E+09
 0.168210E+00    0.849209 0.207040E+05 0.100000E+09
 0.169210E+00    0.861827 0.204600E+05 0.100000E+09
 0.170210E+00    0.874322 0.202203E+05 0.100000E+09
 0.171210E+00    0.805854 0.199848E+05 0.100000E+09
 0.172210E+00    0.818756 0.197534E+05 0.100000E+09
 0.173210E+00    0.817970 0.195259E+05 0.100000E+09
 0.174210E+00    0.844214 0.193024E+05 0.100000E+09
 0.175210E+00    0.856754 0.190827E+05 0.100000E+09
 0.176210E+00    0.869146 0.188667E+05 0.100000E+09
 0.177210E+00    0.787615 0.186544E+05 0.100000E+09
 0.178210E+00    0.800547 0.184456E+05 0.100000E+09
 0.179210E+00    0.813351 0.182403E+05 0.100000E+09
 0.180210E+00    0.826047 0.180385E+05 0.100000E+09
 0.181210E+00    0.838612 0.178399E+05 0.100000E+09
 0.182210E+00    0.756612 0.176447E+05 0.100000E+09
 0.183210E+00    0.755936 0.174526E+05 0.100000E+09
 0.184210E+00    0.782620 0.172636E+05 0.100000E+09
 0.185210E+00    0.795465 0.170777E+05 0.100000E+09
 0.186210E+00    0.808159 0.168947E+05 0.100000E+09
 0.187210E+00    0.833972 0.167147E+05 0.100000E+09
 0.188210E+00    0.713996 0.165376E+05 0.100000E+09
 0.189210E+00    0.751984 0.163632E+05 0.100000E+09
 0.190210E+00    0.737634 0.161916E+05 0.100000E+09
 0.191210E+00    0.777814 0.160227E+05 0.100000E+09
 0.192210E+00    0.790558 0.158564E+05 0.100000E+09
 0.193210E+00    0.816364 0.156927E+05 0.100000E+09
 0.194210E+00    0.828733 0.155315E+05 0.100000E+09
 0.195210E+00    0.720837 0.153728E+05 0.100000E+09
 0.196210E+00    0.733932 0.152165E+05 0.100000E+09
 0.197210E+00    0.692105 0.150626E+05 0.100000E+09
 0.198210E+00    0.759777 0.149110E+05 0.100000E+09
 0.199210E+00    0.785836 0.147617E+05 0.100000E+09
 0.200210E+00    0.811416 0.146146E+05 0.100000E+09
 0.201210E+00    0.784510 0.144697E+05 0.100000E+09
 0.202210E+00    0.730337 0.143269E+05 0.100000E+09
 0.203210E+00    0.688785 0.141862E+05 0.100000E+09
 0.204210E+00    0.701957 0.140476E+05 0.100000E+09
 0.205210E+00    0.660040 0.139111E+05 0.100000E+09
 0.206210E+00    0.768071 0.137765E+05 0.100000E+09
 0.207210E+00    0.806628 0.136438E+05 0.100000E+09
 0.208210E+00    0.766850 0.135131E+05 0.100000E+09
 0.209210E+00    0.726286 0.133842E+05 0.100000E+09
 0.210210E+00    0.698688 0.132572E+05 0.100000E+09
 0.211210E+00    0.670813 0.131319E+05 0.100000E+09
 0.212210E+00    0.684005 0.130085E+05 0.100000E+09
 0.213210E+00    0.669810 0.128867E+05 0.100000E+09
 0.214210E+00    0.789158 0.127667E+05 0.100000E+09
 0.215210E+00    0.762585 0.126483E+05 0.100000E+09
 0.216210E+00    0.735671 0.125316E+05 0.100000E+09
 0.217210E+00    0.708452 0.124165E+05 0.100000E+09
 0.218210E+00    0.694472 0.123029E+05 0.100000E+09
 0.219210E+00    0.666847 0.121909E+05 0.100000E+09
 0.220210E+00    0.652697 0.120805E+05 0.100000E+09
 0.221210E+00    0.759038 0.119715E+05 0.100000E+09
 0.222210E+00    0.758450 0.118640E+05 0.100000E+09
 0.223210E+00    0.731774 0.117579E+05 0.100000E+09
 0.224210E+00    0.718046 0.116533E+05 0.100000E+09
 0.225210E+00    0.704271 0.115500E+05 0.100000E+09
 0.226210E+00    0.690420 0.114481E+05 0.100000E+09
 0.227210E+00    0.663033 0.113476E+05 0.100000E+09
 0.228210E+00    0.649000 0.112483E+05 0.100000E+09
 0.229210E+00    0.634917 0.111504E+05 0.100000E+09
 0.230210E+00    0.740989 0.110537E+05 0.100000E+09
 0.231210E+00    0.727469 0.109583E+05 0.100000E+09
 0.232210E+00    0.713881 0.108641E+05 0.100000E+09
 0.233210E+00    0.605795 0.107712E+05 0.100000E+09
 0.234210E+00    0.686511 0.106794E+05 0.100000E+09
 0.235210E+00    0.672730 0.105888E+05 0.100000E+09
 0.236210E+00    0.658894 0.104993E+05 0.100000E+09
 0.237210E+00    0.645004 0.104110E+05 0.100000E+09
 0.238210E+00    0.723817 0.103238E+05 0.100000E+09
 0.239210E+00    0.710346 0.102376E+05 0.100000E+09
 0.240210E+00    0.696809 0.101526E+05 0.100000E+09
 0.241210E+00    0.683194 0.100685E+05 0.100000E+09
 0.242210E+00    0.682734 0.998558E+04 0.100000E+09
 0.243210E+00    0.669079 0.990364E+04 0.100000E+09
 0.244210E+00    0.587727 0.982269E+04 0.100000E+09
 0.245210E+00    0.641569 0.974274E+04 0.100000E+09
 0.246210E+00    0.641157 0.966376E+04 0.100000E+09
 0.247210E+00    0.627324 0.958574E+04 0.100000E+09
 0.248210E+00    0.693009 0.950865E+04 0.100000E+09
 0.249210E+00    0.692544 0.943250E+04 0.100000E+09
 0.250210E+00    0.679073 0.935725E+04 0.100000E+09
 0.251210E+00    0.665536 0.928290E+04 0.100000E+09
 0.252210E+00    0.651936 0.920943E+04 0.100000E+09
 0.253210E+00    0.651513 0.913684E+04 0.100000E+09
 0.254210E+00    0.637857 0.906509E+04 0.100000E+09
 0.255210E+00    0.637454 0.899419E+04 0.100000E+09
 0.256210E+00    0.623750 0.892412E+04 0.100000E+09
 0.257210E+00    0.688879 0.885486E+04 0.100000E+09
 0.258210E+00    0.675526 0.878641E+04 0.100000E+09
 0.259210E+00    0.662116 0.871875E+04 0.100000E+09
 0.260210E+00    0.661687 0.865186E+04 0.100000E+09
 0.261210E+00    0.595067 0.858574E+04 0.100000E+09
 0.262210E+00    0.647803 0.852038E+04 0.100000E+09
 0.263210E+00    0.634273 0.845576E+04 0.100000E+09
 0.264210E+00    0.633885 0.839188E+04 0.100000E+09
 0.265210E+00    0.620297 0.832871E+04 0.100000E+09
 0.266210E+00    0.619920 0.826625E+04 0.100000E+09
 0.267210E+00    0.606286 0.820450E+04 0.100000E+09
 0.268210E+00    0.552066 0.814343E+04 0.100000E+09
 0.269210E+00    0.657964 0.808305E+04 0.100000E+09
 0.270210E+00    0.644612 0.802333E+04 0.100000E+09
 0.271210E+00    0.644219 0.796427E+04 0.100000E+09
 0.272210E+00    0.577805 0.790586E+04 0.100000E+09
 0.273210E+00    0.577469 0.784810E+04 0.100000E+09
 0.283210E+00    0.574203 0.730366E+04 0.100000E+09
 0.293210E+00    0.610267 0.681397E+04 0.100000E+09
 0.303210E+00    0.606908 0.637192E+04 0.100000E+09
 0.313210E+00    0.525573 0.597154E+04 0.100000E+09
 0.323210E+00    0.562207 0.560774E+04 0.100000E+09
 0.333210E+00    0.572213 0.527620E+04 0.100000E+09
 0.343210E+00    0.504991 0.497322E+04 0.100000E+09
 0.353210E+00    0.541446 0.469560E+04 0.100000E+09
 0.363210E+00    0.487504 0.444060E+04 0.100000E+09
 0.373210E+00    0.485438 0.420582E+04 0.100000E+09
 0.383210E+00    0.546672 0.398918E+04 0.100000E+09
 0.393210E+00    0.468565 0.378886E+04 0.100000E+09
 0.403210E+00    0.504901 0.360325E+04 0.100000E+09
 0.413210E+00    0.412813 0.343096E+04 0.100000E+09
 0.423210E+00    0.488468 0.327074E+04 0.100000E+09
 0.433210E+00    0.486617 0.312148E+04 0.100000E+09
 0.443210E+00    0.447159 0.298221E+04 0.100000E+09
 0.453210E+00    0.470677 0.285206E+04 0.100000E+09
 0.463210E+00    0.431406 0.273025E+04 0.100000E+09
 0.473210E+00    0.442565 0.261607E+04 0.100000E+09
 0.483210E+00    0.453500 0.250891E+04 0.100000E+09
 0.493210E+00    0.427185 0.240821E+04 0.100000E+09
 0.503210E+00    0.361957 0.231344E+04 0.100000E+09
 0.513210E+00    0.449058 0.222417E+04 0.100000E+09
 0.523210E+00    0.410786 0.213996E+04 0.100000E+09
 0.533210E+00    0.409571 0.206044E+04 0.100000E+09
 0.543210E+00    0.344925 0.198528E+04 0.100000E+09
 0.553210E+00    0.455244 0.191416E+04 0.100000E+09
 0.563210E+00    0.406022 0.184679E+04 0.100000E+09
 0.573210E+00    0.417009 0.178291E+04 0.100000E+09
 0.583210E+00    0.439477 0.172230E+04 0.100000E+09
 0.593210E+00    0.365729 0.166472E+04 0.100000E+09
 0.603210E+00    0.389448 0.160998E+04 0.100000E+09
 0.613210E+00    0.412375 0.155790E+04 0.100000E+09
 0.623210E+00    0.325237 0.150830E+04 0.100000E+09
 0.633210E+00    0.324464 0.146104E+04 0.100000E+09
 0.643210E+00    0.385446 0.141596E+04 0.100000E+09
 0.653210E+00    0.407981 0.137294E+04 0.100000E+09
 0.663210E+00    0.347198 0.133185E+04 0.100000E+09
 0.673210E+00    0.321526 0.129258E+04 0.100000E+09
 0.683210E+00    0.295492 0.125502E+04 0.100000E+09
 0.693210E+00    0.403773 0.121907E+04 0.100000E+09
 0.703210E+00    0.356151 0.118464E+04 0.100000E+09
 0.713210E+00    0.331106 0.115166E+04 0.100000E+09
 0.723210E+00    0.305632 0.112003E+04 0.100000E+09
 0.733210E+00    0.388552 0.108968E+04 0.100000E+09
 0.743210E+00    0.279195 0.106056E+04 0.100000E+09
 0.753210E+00    0.340368 0.103258E+04 0.100000E+09
 0.763210E+00    0.327660 0.100570E+04 0.100000E+09
 0.773210E+00    0.302599 0.979857E+03 0.100000E+09
 0.783210E+00    0.372871 0.954995E+03 0.100000E+09
 0.793210E+00    0.349256 0.931067E+03 0.100000E+09
 0.803210E+00    0.336883 0.908028E+03 0.100000E+09
 0.813210E+00    0.262988 0.885833E+03 0.100000E+09
 0.823210E+00    0.311853 0.864443E+03 0.100000E+09
 0.833210E+00    0.357692 0.843818E+03 0.100000E+09
 0.843210E+00    0.345687 0.823922E+03 0.100000E+09
 0.853210E+00    0.333570 0.804722E+03 0.100000E+09
 0.863210E+00    0.321337 0.786185E+03 0.100000E+09
 0.873210E+00    0.308996 0.768281E+03 0.100000E+09
 0.883210E+00    0.296551 0.750982E+03 0.100000E+09
 0.893210E+00    0.342270 0.734261E+03 0.100000E+09
 0.903210E+00    0.330400 0.718092E+03 0.100000E+09
 0.913210E+00    0.270912 0.702451E+03 0.100000E+09
 0.923210E+00    0.270475 0.687316E+03 0.100000E+09
 0.933210E+00    0.305747 0.672665E+03 0.100000E+09
 0.943210E+00    0.293538 0.658477E+03 0.100000E+09
 0.953210E+00    0.293054 0.644734E+03 0.100000E+09
 0.963210E+00    0.315584 0.631416E+03 0.100000E+09
 0.973210E+00    0.315041 0.618507E+03 0.100000E+09
 0.983210E+00    0.231130 0.605989E+03 0.100000E+09
 0.993210E+00    0.267533 0.593848E+03 0.100000E+09
 0.100321E+01    0.255072 0.582068E+03 0.100000E+09
 0.101321E+01    0.290227 0.570635E+03 0.100000E+09
 0.102321E+01    0.278150 0.559536E+03 0.100000E+09
 0.103321E+01    0.300686 0.548757E+03 0.100000E+09
 0.104321E+01    0.300202 0.538287E+03 0.100000E+09
 0.105321E+01    0.299720 0.528114E+03 0.100000E+09
 0.106321E+01    0.287974 0.518226E+03 0.100000E+09
 0.107321E+01    0.252528 0.508614E+03 0.100000E+09
 0.108321E+01    0.252177 0.499266E+03 0.100000E+09
 0.109321E+01    0.215298 0.490174E+03 0.100000E+09
 0.110321E+01    0.215022 0.481328E+03 0.100000E+09
 0.111321E+01    0.296887 0.472719E+03 0.100000E+09
 0.112321E+01    0.285374 0.464339E+03 0.100000E+09
 0.113321E+01    0.284950 0.456181E+03 0.100000E+09
 0.114321E+01    0.250137 0.448235E+03 0.100000E+09
 0.115321E+01    0.272906 0.440495E+03 0.100000E+09
 0.116321E+01    0.272521 0.432954E+03 0.100000E+09
 0.117321E+01    0.237339 0.425604E+03 0.100000E+09
 0.118321E+01    0.237040 0.418441E+03 0.100000E+09
 0.119321E+01    0.236744 0.411456E+03 0.100000E+09
 0.120321E+01    0.282053 0.404645E+03 0.100000E+09
 0.121321E+01    0.270639 0.398002E+03 0.100000E+09
 0.122321E+01    0.270271 0.391521E+03 0.100000E+09
 0.123321E+01    0.269900 0.385197E+03 0.100000E+09
 0.124321E+01    0.246936 0.379026E+03 0.100000E+09
 0.125321E+01    0.235010 0.373001E+03 0.100000E+09
 0.126321E+01    0.257693 0.367119E+03 0.100000E+09
 0.127321E+01    0.257363 0.361374E+03 0.100000E+09
 0.128321E+01    0.245719 0.355764E+03 0.100000E+09
 0.129321E+01    0.222151 0.350283E+03 0.100000E+09
 0.130321E+01    0.221898 0.344928E+03 0.100000E+09
 0.131321E+01    0.267029 0.339695E+03 0.100000E+09
 0.132321E+01    0.255740 0.334580E+03 0.100000E+09
 0.133321E+01    0.255421 0.329580E+03 0.100000E+09
 0.134321E+01    0.255104 0.324691E+03 0.100000E+09
 0.135321E+01    0.254785 0.319909E+03 0.100000E+09
 0.136321E+01    0.232012 0.315233E+03 0.100000E+09
 0.137321E+01    0.231749 0.310659E+03 0.100000E+09
 0.138321E+01    0.184048 0.306183E+03 0.100000E+09
 0.139321E+01    0.183863 0.301804E+03 0.100000E+09
 0.140321E+01    0.242236 0.297517E+03 0.100000E+09
 0.141321E+01    0.230716 0.293322E+03 0.100000E+09
 0.142321E+01    0.230462 0.289214E+03 0.100000E+09
 0.143321E+01    0.252313 0.285192E+03 0.100000E+09
 0.144321E+01    0.241122 0.281254E+03 0.100000E+09
 0.145321E+01    0.240847 0.277396E+03 0.100000E+09
 0.146321E+01    0.240576 0.273618E+03 0.100000E+09
 0.147321E+01    0.240305 0.269916E+03 0.100000E+09
 0.148321E+01    0.250807 0.266288E+03 0.100000E+09
 0.149321E+01    0.217404 0.262734E+03 0.100000E+09
 0.150321E+01    0.217181 0.259250E+03 0.100000E+09
 0.151321E+01    0.216961 0.255835E+03 0.100000E+09
 0.152321E+01    0.216742 0.252486E+03 0.100000E+09
 0.153321E+01    0.227750 0.249204E+03 0.100000E+09
 0.154321E+01    0.227512 0.245984E+03 0.100000E+09
 0.155321E+01    0.227271 0.242827E+03 0.100000E+09
 0.156321E+01    0.215874 0.239730E+03 0.100000E+09
 0.157321E+01    0.237649 0.236692E+03 0.100000E+09
 0.158321E+01    0.226564 0.233712E+03 0.100000E+09
 0.159321E+01    0.226334 0.230787E+03 0.100000E+09
 0.160321E+01    0.226100 0.227917E+03 0.100000E+09
 0.161321E+01    0.236614 0.225100E+03 0.100000E+09
 0.162321E+01    0.236361 0.222335E+03 0.100000E+09
 0.163321E+01    0.236105 0.219621E+03 0.100000E+09
 0.164321E+01    0.235850 0.216956E+03 0.100000E+09
 0.165321E+01    0.191231 0.214339E+03 0.100000E+09
 0.166321E+01    0.202547 0.211769E+03 0.100000E+09
 0.167321E+01    0.202363 0.209246E+03 0.100000E+09
 0.168321E+01    0.202179 0.206767E+03 0.100000E+09
 0.169321E+01    0.201995 0.204332E+03 0.100000E+09
 0.170321E+01    0.212965 0.201939E+03 0.100000E+09
 0.171321E+01    0.212765 0.199589E+03 0.100000E+09
 0.172321E+01    0.212563 0.197279E+03 0.100000E+09
 0.173321E+01    0.223154 0.195009E+03 0.100000E+09
 0.174321E+01    0.212169 0.192778E+03 0.100000E+09
 0.175321E+01    0.211971 0.190585E+03 0.100000E+09
 0.176321E+01    0.211774 0.188430E+03 0.100000E+09
 0.177321E+01    0.222276 0.186310E+03 0.100000E+09
 0.178321E+01    0.222059 0.184227E+03 0.100000E+09
 0.179321E+01    0.221841 0.182178E+03 0.100000E+09
 0.180321E+01    0.221625 0.180163E+03 0.100000E+09
 0.181321E+01    0.221408 0.178181E+03 0.100000E+09
 0.182321E+01    0.231391 0.176232E+03 0.100000E+09
 0.183321E+01    0.153232 0.174314E+03 0.100000E+09
 0.184321E+01    0.165029 0.172428E+03 0.100000E+09
 0.185321E+01    0.164900 0.170572E+03 0.100000E+09
 0.186321E+01    0.176441 0.168746E+03 0.100000E+09
 0.187321E+01    0.176302 0.166949E+03 0.100000E+09
 0.188321E+01    0.187555 0.165181E+03 0.100000E+09
 0.189321E+01    0.187404 0.163441E+03 0.100000E+09
 0.190321E+01    0.198329 0.161728E+03 0.100000E+09
 0.191321E+01    0.198165 0.160041E+03 0.100000E+09
 0.192321E+01    0.197999 0.158381E+03 0.100000E+09
 0.193321E+01    0.197832 0.156747E+03 0.100000E+09
 0.194321E+01    0.197668 0.155138E+03 0.100000E+09
 0.195321E+01    0.197502 0.153553E+03 0.100000E+09
 0.196321E+01    0.207979 0.151993E+03 0.100000E+09
 0.197321E+01    0.207797 0.150456E+03 0.100000E+09
 0.198321E+01    0.207613 0.148943E+03 0.100000E+09
 0.199321E+01    0.217613 0.147452E+03 0.100000E+09
 0.200321E+01    0.217404 0.145984E+03 0.100000E+09
 0.201321E+01    0.217199 0.144537E+03 0.100000E+09
 0.202321E+01    0.216993 0.143112E+03 0.100000E+09
 0.203321E+01    0.216787 0.141708E+03 0.100000E+09
 0.204321E+01    0.196047 0.140324E+03 0.100000E+09
 0.205321E+01    0.173936 0.138960E+03 0.100000E+09
 0.206321E+01    0.173810 0.137617E+03 0.100000E+09
 0.207321E+01    0.162298 0.136292E+03 0.100000E+09
 0.208321E+01    0.162187 0.134987E+03 0.100000E+09
 0.209321E+01    0.150457 0.133700E+03 0.100000E+09
 0.210321E+01    0.150360 0.132432E+03 0.100000E+09
 0.211321E+01    0.138428 0.131181E+03 0.100000E+09
 0.212321E+01    0.138343 0.129949E+03 0.100000E+09
 0.213321E+01    0.138255 0.128733E+03 0.100000E+09
 0.214321E+01    0.126143 0.127535E+03 0.100000E+09
 0.215321E+01    0.183680 0.126353E+03 0.100000E+09
 0.216321E+01    0.183547 0.125187E+03 0.100000E+09
 0.217321E+01    0.194015 0.124038E+03 0.100000E+09
 0.218321E+01    0.193860 0.122904E+03 0.100000E+09
 0.219321E+01    0.193707 0.121786E+03 0.100000E+09
 0.220321E+01    0.203691 0.120683E+03 0.100000E+09
 0.221321E+01    0.203516 0.119595E+03 0.100000E+09
 0.222321E+01    0.203341 0.118521E+03 0.100000E+09
 0.223321E+01    0.203167 0.117462E+03 0.100000E+09
 0.224321E+01    0.202994 0.116417E+03 0.100000E+09
 0.225321E+01    0.202820 0.115386E+03 0.100000E+09
 0.226321E+01    0.192645 0.114369E+03 0.100000E+09
 0.227321E+01    0.192495 0.113365E+03 0.100000E+09
 0.228321E+01    0.181939 0.112374E+03 0.100000E+09
 0.229321E+01    0.181808 0.111396E+03 0.100000E+09
 0.230321E+01    0.181676 0.110431E+03 0.100000E+09
 0.231321E+01    0.170807 0.109478E+03 0.100000E+09
 0.232321E+01    0.170692 0.108538E+03 0.100000E+09
 0.233321E+01    0.170577 0.107609E+03 0.100000E+09
 0.234321E+01    0.159429 0.106693E+03 0.100000E+09
 0.235321E+01    0.159328 0.105788E+03 0.100000E+09
 0.236321E+01    0.159228 0.104895E+03 0.100000E+09
 0.237321E+01    0.159127 0.104012E+03 0.100000E+09
 0.238321E+01    0.159027 0.103141E+03 0.100000E+09
 0.239321E+01    0.147651 0.102281E+03 0.100000E+09
 0.240321E+01    0.147563 0.101432E+03 0.100000E+09
 0.241321E+01    0.147478 0.100593E+03 0.100000E+09
 0.242321E+01    0.147388 0.997644E+02 0.100000E+09
 0.243321E+01    0.180005 0.989460E+02 0.100000E+09
 0.244321E+01    0.189981 0.981377E+02 0.100000E+09
 0.245321E+01    0.189834 0.973393E+02 0.100000E+09
 0.246321E+01    0.189689 0.965505E+02 0.100000E+09
 0.247321E+01    0.199052 0.957713E+02 0.100000E+09
 0.248321E+01    0.198881 0.950015E+02 0.100000E+09
 0.249321E+01    0.189254 0.942410E+02 0.100000E+09
 0.250321E+01    0.189108 0.934895E+02 0.100000E+09
 0.251321E+01    0.188965 0.927470E+02 0.100000E+09
 0.252321E+01    0.188820 0.920133E+02 0.100000E+09
 0.253321E+01    0.178750 0.912883E+02 0.100000E+09
 0.254321E+01    0.178627 0.905718E+02 0.100000E+09
 0.255321E+01    0.178503 0.898637E+02 0.100000E+09
 0.256321E+01    0.178380 0.891639E+02 0.100000E+09
 0.257321E+01    0.167927 0.884722E+02 0.100000E+09
 0.258321E+01    0.167821 0.877886E+02 0.100000E+09
 0.259321E+01    0.167714 0.871128E+02 0.100000E+09
 0.260321E+01    0.167609 0.864448E+02 0.100000E+09
 0.261321E+01    0.167502 0.857845E+02 0.100000E+09
 0.262321E+01    0.167396 0.851317E+02 0.100000E+09
 0.263321E+01    0.156640 0.844863E+02 0.100000E+09
 0.264321E+01    0.156548 0.838483E+02 0.100000E+09
 0.265321E+01    0.156456 0.832174E+02 0.100000E+09
 0.266321E+01    0.156365 0.825937E+02 0.100000E+09
 0.267321E+01    0.156274 0.819769E+02 0.100000E+09
 0.268321E+01    0.156184 0.813670E+02 0.100000E+09
 0.269321E+01    0.145152 0.807639E+02 0.100000E+09
 0.270321E+01    0.145072 0.801674E+02 0.100000E+09
 0.271321E+01    0.144994 0.795776E+02 0.100000E+09
 0.272321E+01    0.144915 0.789942E+02 0.100000E+09
 0.273321E+01    0.144837 0.784172E+02 0.100000E+09
 0.274321E+01    0.144758 0.778466E+02 0.100000E+09
 0.275321E+01    0.144681 0.772821E+02 0.100000E+09
 0.276321E+01    0.144602 0.767237E+02 0.100000E+09
 0.277321E+01    0.185246 0.761714E+02 0.100000E+09
