     0     1 1.9653030E-01
     1     1 4.9006235E-09
     1     2 5.1296799E-10
     1     3 2.0613021E-08
     2     3 6.1392094E-18
     2     4 2.8197579E-01
     2     6 2.1036383E-13
     3     6 1.1365072E-18
     3     7 8.6492809E-10
     3     8 3.0444352E-12
     3     9 1.1150814E-09
     4     7 1.3974873E-21
     4     8 2.8582028E-09
     4     9 6.5653424E-12
     4    10 1.2171518E-12
     4    11 1.7706765E-18
     4    12 3.2631545E-18
     5    10 3.0855639E-17
     5    11 1.6012629E-10
     5    12 4.1248814E-12
     5    13 4.4364200E-09
     5    14 5.6870132E-14
     6    10 3.5018504E-21
     6    12 1.1917769E-10
     6    13 6.4698619E-11
     6    14 7.4548055E-07
     6    15 6.3327298E-11
     6    16 5.7774106E-08
     6    17 8.8421590E-13
     7    13 1.7695174E-22
     7    14 9.6822019E-13
     7    15 4.6871716E-10
     7    16 6.0048669E-11
     7    17 4.3733449E-10
     7    18 2.4829112E-10
     7    19 1.1794111E-05
     7    20 4.5781826E-08
     8    16 4.2440933E-11
     8    17 1.7370193E-11
     8    18 1.4055986E-09
     8    19 8.0103440E-10
     8    20 3.3254814E-09
     8    21 8.2280701E-09
     8    22 2.8408609E-10
     9    18 1.8556191E-20
     9    19 9.3833518E-13
     9    20 3.5028788E-12
     9    21 1.0884013E-09
     9    22 4.4327289E-10
     9    23 1.6533053E-10
     9    24 4.7706853E-11
     9    25 3.9777680E-10
     9    26 1.6251588E-14
    10    20 3.6400136E-13
    10    21 3.5860271E-12
    10    22 1.9888767E-10
    10    23 3.6711876E-09
    10    24 1.6713593E-09
    10    25 1.0685873E-08
    10    26 2.0716419E-07
    10    27 7.6555487E-10
    10    28 8.8020551E-09
    10    29 2.6608743E-12
    10    30 5.7950157E-11
    10    31 4.8321114E-14
    10    32 3.2127522E-13
    10    33 9.4960403E-24
    11    22 1.0802566E-19
    11    23 4.5355695E-15
    11    24 1.9070604E-12
    11    25 1.0580673E-11
    11    26 1.0225760E-11
    11    27 1.4391308E-10
    11    28 3.9049290E-11
    11    29 1.0474068E-08
    11    30 8.5966708E-11
    11    31 2.1110066E-08
    11    32 2.7957235E-10
    11    33 3.5034739E-15
    11    34 1.3608966E-19
    11    35 2.1457278E-22
    12    24 2.7544141E-15
    12    25 5.0957406E-14
    12    26 3.7961250E-12
    12    27 2.8626282E-12
    12    28 4.9610989E-11
    12    29 5.0045754E-10
    12    30 9.2038065E-09
    12    31 8.9637661E-10
    12    32 9.7509233E-08
    12    33 3.9249351E-09
    12    34 1.6794970E-06
    12    35 3.2597224E-15
    12    36 5.0185817E-14
    12    37 2.1812959E-21
    12    38 1.4952293E-22
    13    26 2.1334495E-23
    13    26 1.9581151E-23
    13    27 8.0905372E-17
    13    28 7.9188643E-16
    13    29 7.2548016E-15
    13    30 4.1027586E-14
    13    31 3.3834524E-13
    13    32 4.6562409E-12
    13    33 3.8039873E-10
    13    34 2.2686953E-11
    13    35 2.8347372E-08
    13    36 2.1342825E-10
    13    37 3.0288289E-07
    13    38 5.4521673E-12
    13    39 3.3273063E-11
    13    40 3.9427097E-18
    13    41 8.6876513E-15
    14    28 1.6591619E-18
    14    29 6.6759998E-17
    14    30 4.5182258E-16
    14    31 2.6563242E-15
    14    32 8.1428955E-14
    14    33 2.1928022E-12
    14    34 1.6464429E-10
    14    35 6.7159781E-11
    14    36 3.2901400E-08
    14    37 3.0107592E-09
    14    38 3.0363454E-06
    14    39 3.8237504E-09
    14    40 6.7017830E-09
    14    41 3.4636207E-09
    14    42 1.6973884E-05
    14    43 1.3191403E-16
    14    44 7.1490469E-21
    15    31 1.7858737E-21
    15    32 7.0968148E-21
    15    33 4.1349725E-19
    15    34 7.9490354E-18
    15    35 3.9401132E-15
    15    36 5.8654038E-14
    15    37 1.0267258E-12
    15    38 1.3937660E-12
    15    39 4.0272161E-12
    15    40 8.3450410E-11
    15    41 6.1402256E-09
    15    42 1.0498395E-10
    15    43 4.7553563E-06
    15    44 3.5051305E-14
    15    45 1.9916197E-15
    15    46 7.9401981E-22
    15    47 3.5806306E-20
    16    32 3.9154478E-23
    16    34 1.3108779E-20
    16    35 8.3320939E-20
    16    36 5.0166265E-17
    16    37 9.5304262E-16
    16    38 2.0295016E-15
    16    39 1.4648721E-13
    16    40 7.4464990E-13
    16    41 7.8146967E-11
    16    42 4.0908430E-10
    16    43 3.0952945E-09
    16    44 4.3485022E-04
    16    45 1.3397040E-07
    16    46 2.2891755E-06
    16    47 8.6819903E-12
    16    48 9.9393032E-12
    16    49 6.2833865E-19
    16    50 2.5421105E-20
    17    37 3.2670002E-23
    17    38 6.3216012E-22
    17    39 4.2300869E-20
    17    40 2.3147108E-19
    17    41 2.4009829E-18
    17    42 1.5157559E-17
    17    43 3.6373625E-12
    17    44 2.0525282E-11
    17    45 3.6819245E-06
    17    46 8.4922412E-08
    17    47 1.0417746E-04
    17    48 1.1462345E-08
    17    49 2.6171278E-07
    17    50 1.1423682E-12
    17    51 2.0719591E-13
    17    52 3.5462978E-21
    18    40 8.7586115E-23
    18    41 2.4039574E-22
    18    42 3.0093418E-20
    18    43 1.5534567E-19
    18    44 4.5148067E-15
    18    45 3.6305433E-14
    18    46 3.1135172E-12
    18    47 1.8370537E-09
    18    48 6.6902524E-05
    18    49 2.5315755E-07
    18    50 7.7612263E-04
    18    51 8.2397556E-08
    18    52 2.7255539E-06
    18    53 2.0213602E-12
    18    54 1.0615504E-13
    18    55 1.8869936E-18
    18    56 1.3481567E-18
    19    45 8.7108294E-23
    19    46 3.1146990E-19
    19    47 2.4832719E-14
    19    48 7.7260784E-13
    19    49 5.3296954E-08
    19    50 7.6578432E-08
    19    51 4.4492157E-04
    19    52 2.8724486E-06
    19    53 3.5566113E-04
    19    54 1.4775477E-08
    19    55 7.0443677E-09
    19    56 5.2498529E-12
    19    57 1.6142552E-12
    19    58 1.1107409E-18
    19    59 1.7467368E-19
    20    47 1.2780617E-22
    20    48 1.1896671E-16
    20    49 2.8750020E-13
    20    50 5.1475847E-12
    20    51 1.9407696E-10
    20    52 1.3441353E-08
    20    53 1.7600173E-09
    20    54 2.8656885E-05
    20    55 2.7704655E-07
    20    56 7.0516078E-04
    20    57 3.6938001E-09
    20    58 1.7185928E-05
    20    59 1.9237675E-11
    20    60 3.4543843E-11
    20    61 8.9468439E-16
    20    62 2.4650804E-17
    21    49 2.7830475E-22
    21    50 5.8994135E-21
    21    51 9.6586605E-19
    21    52 2.5942476E-16
    21    53 1.7571128E-09
    21    54 2.6009641E-08
    21    55 1.4362598E-09
    21    56 4.1405840E-10
    21    57 2.7895391E-06
    21    58 4.3905723E-08
    21    59 2.0516473E-04
    21    60 6.4577928E-07
    21    61 6.1505451E-04
    21    62 3.0236125E-10
    21    63 1.8426855E-10
    21    64 1.2642593E-15
    21    65 7.7740125E-17
    21    66 3.5832173E-23
    22    52 1.3180592E-19
    22    53 2.6653577E-16
    22    54 1.1967575E-15
    22    55 2.2012290E-15
    22    56 3.9078589E-11
    22    57 2.6503138E-12
    22    58 1.1522507E-09
    22    59 2.5921972E-10
    22    60 2.1841371E-06
    22    61 3.1088702E-08
    22    62 4.5914140E-04
    22    63 6.9118170E-09
    22    64 2.7576284E-05
    22    65 4.6913419E-11
    22    66 2.2132136E-09
    22    67 4.1798592E-15
    22    68 1.3096918E-15
    22    69 5.8462566E-22
    22    70 2.7035190E-23
    23    55 3.1885482E-22
    23    56 3.5569127E-19
    23    57 3.6974201E-17
    23    58 1.3748425E-17
    23    59 4.9914083E-14
    23    60 1.2484364E-13
    23    61 2.4552485E-10
    23    62 3.6929758E-10
    23    63 5.1352682E-05
    23    64 4.6014847E-08
    23    65 4.8173207E-04
    23    66 7.8979219E-06
    23    67 1.0069933E-04
    23    68 6.7554074E-08
    23    69 3.1503302E-07
    23    70 6.2273797E-12
    23    71 1.0292157E-12
    23    72 1.4827011E-17
    23    73 1.6793366E-19
    24    58 2.5438030E-23
    24    59 5.6597111E-21
    24    60 2.4621102E-18
    24    61 5.4776604E-16
    24    62 9.7774769E-12
    24    63 1.8662388E-11
    24    64 8.7746235E-08
    24    65 3.8611104E-10
    24    66 5.0669402E-07
    24    67 1.5155373E-08
    24    68 4.7032747E-04
    24    69 3.6866178E-06
    24    70 1.5896689E-03
    24    71 1.7762058E-07
    24    72 8.7103251E-07
    24    73 7.9569308E-11
    24    74 4.6499925E-11
    24    75 7.6153700E-20
    24    76 1.1849137E-23
    25    61 9.6984196E-24
    25    62 1.5816064E-20
    25    63 1.7037102E-18
    25    64 1.5119793E-16
    25    65 1.1670647E-14
    25    66 5.0354996E-14
    25    67 8.6832192E-11
    25    68 2.8908341E-11
    25    69 8.5496313E-07
    25    70 1.2122090E-07
    25    71 1.2089311E-03
    25    72 1.8485723E-05
    25    73 2.5246019E-03
    25    74 7.9716599E-06
    25    75 8.0253072E-05
    25    76 5.5225370E-12
    25    77 7.6023679E-16
    26    64 1.7004635E-23
    26    65 2.0566345E-22
    26    66 2.4046115E-20
    26    67 6.4026927E-18
    26    68 4.7695195E-13
    26    69 7.0746791E-13
    26    70 3.5356476E-10
    26    71 2.6026228E-10
    26    72 1.0073189E-07
    26    73 1.1740055E-08
    26    74 8.9648340E-05
    26    75 4.4084473E-06
    26    76 2.3705184E-03
    26    77 2.2774803E-10
    26    78 1.5925989E-12
    26    79 8.0243396E-20
    27    68 5.3676489E-22
    27    69 7.6636082E-20
    27    70 1.6264034E-18
    27    71 1.5226728E-16
    27    72 1.1526818E-15
    27    73 5.3379051E-12
    27    74 1.3798820E-11
    27    75 8.2220158E-07
    27    76 1.2233310E-06
    27    77 4.6121794E-03
    27    78 5.3345533E-08
    27    79 1.4116127E-09
    27    80 5.7292914E-16
    27    81 8.4977497E-19
    28    71 2.4570817E-23
    28    72 9.9021595E-20
    28    73 9.0986941E-19
    28    74 5.7088445E-14
    28    75 3.9691566E-13
    28    76 1.5053769E-09
    28    77 4.5877734E-09
    28    78 5.0551459E-03
    28    79 7.3582040E-09
    28    80 2.2299133E-07
    28    81 7.8140092E-14
    28    82 2.3798023E-14
    28    83 6.2517319E-23
    29    74 2.7879058E-23
    29    75 2.1760840E-20
    29    76 4.6174208E-18
    29    77 6.7759514E-12
    29    78 2.3523410E-09
    29    79 2.1653010E-03
    29    80 5.3201301E-06
    29    81 4.6583715E-05
    29    82 5.3578731E-09
    29    83 4.0814458E-09
    29    84 5.2447818E-14
    29    85 2.4398359E-15
    29    86 2.0951553E-21
    30    76 1.9026810E-20
    30    77 3.1411540E-19
    30    78 1.0488716E-11
    30    79 3.9935027E-10
    30    80 4.3550080E-04
    30    81 2.4865771E-05
    30    82 3.4822215E-03
    30    83 8.1997707E-06
    30    84 3.0403595E-04
    30    85 4.8940627E-08
    30    86 2.0689528E-07
    30    87 2.4094524E-13
    30    88 8.5404139E-15
    30    89 1.0100792E-20
    30    90 2.1410459E-21
    31    78 1.9517967E-21
    31    79 9.8690645E-15
    31    80 1.5370661E-13
    31    81 5.5822430E-09
    31    82 1.8550059E-08
    31    83 3.3552268E-05
    31    84 1.5363946E-06
    31    85 1.2574286E-03
    31    86 3.5604678E-06
    31    87 8.5351234E-05
    31    88 1.6494160E-08
    31    89 1.5588052E-08
    31    90 4.1586296E-13
    31    91 5.5654293E-13
    31    92 1.1185982E-17
    31    93 4.3174722E-19
    32    80 4.6890776E-19
    32    81 2.6901336E-17
    32    82 2.7207960E-13
    32    83 1.3205627E-12
    32    84 2.3468861E-08
    32    85 1.6721073E-08
    32    86 1.0775836E-04
    32    87 5.7884205E-06
    32    88 2.2253743E-03
    32    89 6.7101966E-06
    32    90 2.6836916E-04
    32    91 7.5866089E-08
    32    92 8.3202096E-07
    32    93 2.1531724E-10
    32    94 2.3078078E-10
    32    95 1.3563173E-15
    32    96 5.5521015E-17
    32    97 3.5197178E-23
    33    83 4.5448854E-18
    33    84 1.0563762E-17
    33    85 6.6759062E-13
    33    86 5.9817830E-13
    33    87 1.7975706E-09
    33    88 1.9540973E-09
    33    89 1.5073402E-05
    33    90 1.0038062E-06
    33    91 6.5675199E-04
    33    92 3.8986788E-06
    33    93 1.6906018E-04
    33    94 1.0555683E-06
    33    95 7.1388745E-06
    33    96 1.0423932E-09
    33    97 2.4124875E-10
    33    98 1.3218196E-14
    33    99 1.3753545E-15
    33   100 3.7678173E-20
    33   101 2.9580781E-22
    34    84 1.7211044E-22
    34    85 8.9063819E-22
    34    86 4.8007787E-19
    34    87 2.4499218E-17
    34    88 2.3392285E-13
    34    89 2.4904100E-13
    34    90 4.3427494E-10
    34    91 1.2496612E-10
    34    92 9.0914086E-07
    34    93 5.0619469E-08
    34    94 2.1352816E-04
    34    95 6.5043068E-06
    34    96 9.7834337E-04
    34    97 9.8005927E-07
    34    98 4.6766752E-06
    34    99 2.1823648E-09
    34   100 2.1571032E-08
    34   101 2.9212339E-12
    34   102 4.1172370E-13
    34   103 1.4785271E-17
    34   104 4.2873173E-19
    35    88 2.1518879E-23
    35    89 2.0467461E-20
    35    90 8.1526531E-19
    35    91 3.6468534E-15
    35    92 9.3743836E-15
    35    93 4.2767926E-12
    35    94 4.3371416E-11
    35    95 9.9396883E-07
    35    96 6.3356811E-07
    35    97 1.0994693E-03
    35    98 1.5434140E-05
    35    99 3.8375314E-04
    35   100 3.9555378E-06
    35   101 7.3395150E-05
    35   102 1.9614991E-07
    35   103 3.4504906E-07
    35   104 8.4774441E-11
    35   105 8.5932411E-12
    35   106 4.4983047E-17
    35   107 8.0511728E-20
    36    91 2.7173900E-23
    36    92 2.0341352E-19
    36    93 1.4671493E-17
    36    94 4.4410639E-15
    36    95 2.4390467E-14
    36    96 4.6285378E-11
    36    97 1.1652707E-10
    36    98 1.2090336E-06
    36    99 1.3560437E-07
    36   100 1.8226311E-04
    36   101 6.7523787E-06
    36   102 1.8832055E-03
    36   103 1.8046172E-05
    36   104 2.0187746E-03
    36   105 1.2241808E-06
    36   106 2.1846657E-06
    36   107 5.1545161E-11
    36   108 5.2909224E-13
    36   109 2.4139306E-18
    36   110 4.5081587E-23
    37    95 4.5805706E-20
    37    96 2.2929274E-19
    37    97 1.0218148E-15
    37    98 2.2437437E-14
    37    99 4.8069406E-12
    37   100 1.5767981E-11
    37   101 5.0667216E-08
    37   102 4.0507275E-08
    37   103 4.6170972E-05
    37   104 8.1315843E-06
    37   105 3.0689473E-03
    37   106 4.2612097E-05
    37   107 1.9845595E-04
    37   108 1.5678985E-07
    37   109 1.3944978E-08
    37   110 1.1389222E-13
    37   111 2.2966299E-17
    37   112 3.5756124E-22
    37   113 3.9387029E-22
    38    97 4.8930866E-23
    38    98 5.6456420E-20
    38    99 3.6679575E-18
    38   100 3.8767072E-15
    38   101 2.7133860E-14
    38   102 1.7146333E-11
    38   103 4.9263120E-11
    38   104 7.7413404E-07
    38   105 5.3213250E-07
    38   106 4.0208354E-03
    38   107 2.6989213E-04
    38   108 1.6827462E-02
    38   109 1.6670356E-05
    38   110 1.2776941E-05
    38   111 8.9827540E-10
    38   112 9.6214851E-12
    38   113 3.6489676E-14
    38   114 1.1219724E-13
    38   115 2.7045000E-17
    38   116 3.4842225E-18
    38   117 7.2322709E-23
    38   118 1.2271869E-23
    39   101 1.1894108E-21
    39   102 4.8951020E-20
    39   103 1.1099587E-15
    39   104 2.5823677E-14
    39   105 1.0066291E-10
    39   106 1.4304578E-09
    39   107 3.2329554E-05
    39   108 4.4983612E-05
    39   109 1.7235929E-02
    39   110 2.9615192E-04
    39   111 1.4810297E-03
    39   112 3.4655993E-07
    39   113 1.0689084E-06
    39   114 2.5756495E-09
    39   115 2.7191274E-08
    39   116 1.8727731E-10
    39   117 1.4248011E-10
    39   118 5.3570849E-14
    39   119 7.4643611E-15
    39   120 1.1953324E-15
    39   121 2.6384831E-16
    40   103 1.4767015E-23
    40   104 4.6329110E-18
    40   105 7.8610847E-16
    40   106 5.2183966E-13
    40   107 6.6277219E-12
    40   108 5.9636484E-08
    40   109 5.3880594E-07
    40   110 2.5342296E-03
    40   111 1.8437130E-04
    40   112 3.4429200E-02
    40   113 3.4203786E-05
    40   114 4.2612933E-03
    40   115 2.3152713E-04
    40   116 1.6993133E-02
    40   117 4.5963782E-04
    40   118 6.7128772E-03
    40   119 7.2384416E-06
    40   120 1.2059497E-05
    40   121 3.3222873E-05
    40   122 1.7112093E-04
    40   123 9.8108947E-13
    40   124 4.4355918E-18
    41   106 1.2633650E-22
    41   107 8.7742777E-19
    41   108 6.3897568E-17
    41   109 1.6731370E-12
    41   110 1.0829259E-11
    41   111 1.2163757E-09
    41   112 6.0294194E-10
    41   113 7.8765119E-09
    41   114 1.0288652E-09
    41   115 1.1416563E-07
    41   116 1.0915094E-07
    41   117 5.1962636E-05
    41   118 1.3694953E-05
    41   119 1.0322727E-03
    41   120 3.1171449E-05
    41   121 1.3582096E-04
    41   122 6.4426913E-03
    41   123 1.4904704E-02
    41   124 4.7443950E-09
    41   125 1.3457094E-13
    41   126 4.2397119E-22
    42   108 1.7298822E-21
    42   109 4.0196978E-21
    42   110 4.6801437E-18
    42   111 6.6336845E-18
    42   112 8.9130516E-16
    42   113 2.4914261E-16
    42   114 2.0356810E-14
    42   115 8.5893466E-14
    42   116 1.9215486E-11
    42   117 2.4860225E-11
    42   118 1.4844839E-09
    42   119 7.0974655E-10
    42   120 7.4557804E-08
    42   121 7.2654516E-09
    42   122 3.3545837E-07
    42   123 3.4406948E-04
    42   124 3.1194065E-02
    42   125 1.7143533E-08
    42   126 1.1612575E-12
    42   127 2.1035526E-20
    43   114 3.6796461E-23
    43   115 1.5481137E-20
    43   116 9.2746631E-20
    43   117 5.7059566E-18
    43   118 3.3784441E-17
    43   119 2.9973447E-15
    43   120 1.6326664E-14
    43   121 5.4439754E-11
    43   122 8.6193292E-11
    43   123 1.1853467E-08
    43   124 1.8942083E-05
    43   125 2.4195789E-02
    43   126 5.1355042E-08
    43   127 6.4408229E-11
    43   128 4.9663431E-18
    43   129 6.6483143E-23
    44   118 1.3491705E-22
    44   119 3.3435563E-20
    44   120 5.3161930E-18
    44   121 1.5068114E-16
    44   122 3.7104780E-12
    44   123 6.4071298E-11
    44   124 1.4224354E-08
    44   125 1.3711628E-05
    44   126 6.8571265E-02
    44   127 1.1267751E-06
    44   128 3.1343412E-09
    44   129 1.7074149E-15
    44   130 8.6052679E-19
    45   121 7.5638135E-21
    45   122 7.7798827E-20
    45   123 3.1031434E-16
    45   124 5.1710757E-14
    45   125 4.5072434E-10
    45   126 1.0554335E-06
    45   127 5.0150235E-02
    45   128 4.4662665E-06
    45   129 1.9214750E-07
    45   130 6.9953966E-13
    45   131 1.2802736E-16
    46   123 1.6546159E-21
    46   124 4.6071772E-16
    46   125 5.6739098E-12
    46   126 2.7236543E-09
    46   127 7.5790391E-07
    46   128 1.0741858E-01
    46   129 1.3430863E-04
    46   130 2.3608493E-05
    46   131 3.5097849E-10
    46   132 6.0838019E-12
    46   133 1.3195190E-19
    46   134 1.5282120E-22
    47   124 3.6968359E-23
    47   125 1.3538141E-19
    47   126 4.4679032E-17
    47   127 4.8855724E-11
    47   128 4.7554207E-08
    47   129 3.2862432E-02
    47   130 1.1719716E-04
    47   131 1.0724452E-03
    47   132 1.9019886E-07
    47   133 1.3538085E-08
    47   134 3.1293122E-15
    47   135 4.2373399E-17
    47   136 1.1233646E-22
    48   126 9.9238638E-20
    48   127 1.4904156E-17
    48   128 1.9266728E-10
    48   129 7.2748696E-09
    48   130 2.0969645E-02
    48   131 7.0497410E-04
    48   132 4.6185756E-03
    48   133 1.4778912E-06
    48   134 8.5050845E-07
    48   135 4.1909803E-11
    48   136 8.8857537E-12
    48   137 3.2750839E-18
    48   138 6.9455246E-20
    49   127 4.8168477E-22
    49   128 1.1141448E-19
    49   129 8.4411739E-13
    49   130 7.7048771E-10
    49   131 6.2274711E-05
    49   132 7.0506921E-05
    49   133 4.6688188E-03
    49   134 6.6206693E-06
    49   135 2.3456067E-05
    49   136 5.8332723E-09
    49   137 3.9144334E-09
    49   138 2.4047594E-14
    49   139 7.5698707E-15
    49   140 8.9451466E-20
    49   141 4.8098062E-22
    50   129 8.8297917E-21
    50   130 1.7233646E-14
    50   131 9.4128037E-13
    50   132 3.4042426E-06
    50   133 2.6858814E-06
    50   134 6.4208483E-04
    50   135 2.1688168E-06
    50   136 8.6756689E-05
    50   137 1.8883226E-07
    50   138 9.3206109E-07
    50   139 3.2471873E-10
    50   140 4.6637343E-10
    50   141 2.7120563E-15
    50   142 2.1149730E-15
    50   143 2.6331570E-20
    50   144 1.1187308E-20
    51   132 3.1703242E-17
    51   133 3.5813045E-09
    51   134 3.6160405E-09
    51   135 1.0790288E-06
    51   136 2.5022570E-07
    51   137 1.6421826E-05
    51   138 3.0190611E-08
    51   139 9.0108158E-07
    51   140 2.2456895E-09
    51   141 2.2494677E-08
    51   142 1.2692723E-11
    51   143 7.9090517E-11
    51   144 2.3100360E-13
    51   145 7.7863362E-13
    51   146 1.4560665E-15
    51   147 1.2906609E-15
    51   148 5.1178933E-19
    51   149 6.9525069E-20
    52   133 7.4935084E-21
    52   134 1.3856451E-15
    52   135 4.0074749E-15
    52   136 1.2981407E-13
    52   137 9.6836944E-13
    52   138 8.3763548E-10
    52   139 1.0378098E-11
    52   140 1.6796311E-09
    52   141 1.8004583E-10
    52   142 1.2808992E-08
    52   143 8.3673799E-10
    52   144 1.2007326E-07
    52   145 2.9055298E-09
    52   146 7.1421094E-08
    52   147 7.0303486E-10
    52   148 3.6539813E-09
    52   149 7.7792804E-12
    52   150 8.0836405E-12
    52   151 3.2167054E-15
    52   152 3.3594756E-14
    52   153 2.2217669E-19
    52   154 1.4854020E-20
    53   137 5.0623676E-20
    53   138 1.5590425E-19
    53   139 1.9747102E-18
    53   140 1.1303837E-18
    53   141 1.7283116E-15
    53   142 8.3756999E-16
    53   143 1.8380053E-12
    53   144 5.2660904E-13
    53   145 3.2445220E-10
    53   146 1.3271222E-10
    53   147 1.1941969E-08
    53   148 1.2559374E-09
    53   149 2.8271201E-08
    53   150 4.7495334E-10
    53   151 1.9263502E-09
    53   152 1.3628657E-11
    53   153 1.2233125E-11
    53   154 2.7459474E-14
    53   155 5.9762684E-15
    53   156 3.2969910E-18
    53   157 8.3929149E-20
    54   142 2.5442074E-20
    54   143 1.6351430E-20
    54   144 6.2089734E-18
    54   145 8.3295461E-18
    54   146 2.4723510E-14
    54   147 5.4097260E-14
    54   148 5.6481825E-11
    54   149 1.7031395E-11
    54   150 2.5089260E-09
    54   151 2.4451671E-10
    54   152 9.1376744E-09
    54   153 2.2952862E-10
    54   154 3.4917530E-09
    54   155 4.3847938E-11
    54   156 8.9048656E-11
    54   157 8.3621209E-14
    54   158 9.9274536E-15
    54   159 8.3177622E-19
    54   160 1.8462740E-20
     0     1 1.9653030E-01
     0     0 0.0000000E+00
